Force produced by a submaximally-activated cat soleus muscle in vivo while
applying length changes of maximum amplitude 8.0 mm and a constant-frequency
stimulation signal of 10 Hz. Experimental data was provided by T.G. Sandercock
[1]. Please refer to Millard et al. [2] for details.

References:
    1. Perreault, E.J., Heckman, C.J., and Sandercock, T.G., 2003. "Hill
       muscle model errors during movement are greatest within the
       physiologically relevant range of motor unit firing rates". Journal
       of Biomechanics, 36(2), pp. 211--218.
       http://dx.doi.org/10.1016/S0021-9290(02)00332-9.
    2. Millard, M., Uchida, T., Seth, A., and Delp, S.L., 2013. "Flexing
       computational muscle: Modeling and simulation of musculotendon
       dynamics". ASME Journal of Biomechanical Engineering, 135(2),
       p. 021013 (11 pages). http://dx.doi.org/10.1115/1.4023390.

endheader
time_s	force_N
0.000000000000000	0.000000000000000
0.001000000000000	0.000000000000000
0.002000000000000	0.000000000000000
0.003000000000000	0.027515000000000
0.004000000000000	0.034692000000000
0.005000000000000	0.000000000000000
0.006000000000000	0.000000000000000
0.007000000000000	0.014355000000000
0.008000000000000	0.000000000000000
0.009000000000000	0.000000000000000
0.010000000000000	0.000000000000000
0.011000000000000	0.000000000000000
0.012000000000000	0.000000000000000
0.013000000000000	0.000000000000000
0.014000000000000	0.000000000000000
0.015000000000000	0.000000000000000
0.016000000000000	0.003589000000000
0.017000000000000	0.001196000000000
0.018000000000000	0.031104000000000
0.019000000000000	0.019141000000000
0.020000000000000	0.019141000000000
0.021000000000000	0.000000000000000
0.022000000000000	0.000000000000000
0.023000000000000	0.000000000000000
0.024000000000000	0.000000000000000
0.025000000000000	0.000000000000000
0.026000000000000	0.000000000000000
0.027000000000000	0.000000000000000
0.028000000000000	0.000000000000000
0.029000000000000	0.000000000000000
0.030000000000000	0.000000000000000
0.031000000000000	0.000000000000000
0.032000000000000	0.009570000000000
0.033000000000000	0.000000000000000
0.034000000000000	0.000000000000000
0.035000000000000	0.000000000000000
0.036000000000000	0.038281000000000
0.037000000000000	0.000000000000000
0.038000000000000	0.009570000000000
0.039000000000000	0.000000000000000
0.040000000000000	0.020337000000000
0.041000000000000	0.000000000000000
0.042000000000000	0.000000000000000
0.043000000000000	0.000000000000000
0.044000000000000	0.000000000000000
0.045000000000000	0.000000000000000
0.046000000000000	0.000000000000000
0.047000000000000	0.000000000000000
0.048000000000000	0.008374000000000
0.049000000000000	0.000000000000000
0.050000000000000	0.000000000000000
0.051000000000000	0.026318000000000
0.052000000000000	0.019141000000000
0.053000000000000	0.005981000000000
0.054000000000000	0.005981000000000
0.055000000000000	0.009570000000000
0.056000000000000	0.017944000000000
0.057000000000000	0.032300000000000
0.058000000000000	0.000000000000000
0.059000000000000	0.000000000000000
0.060000000000000	0.000000000000000
0.061000000000000	0.000000000000000
0.062000000000000	0.000000000000000
0.063000000000000	0.000000000000000
0.064000000000000	0.000000000000000
0.065000000000000	0.002393000000000
0.066000000000000	0.000000000000000
0.067000000000000	0.000000000000000
0.068000000000000	0.000000000000000
0.069000000000000	0.000000000000000
0.070000000000000	0.027515000000000
0.071000000000000	0.015552000000000
0.072000000000000	0.010767000000000
0.073000000000000	0.000000000000000
0.074000000000000	0.002393000000000
0.075000000000000	0.011963000000000
0.076000000000000	0.000000000000000
0.077000000000000	0.000000000000000
0.078000000000000	0.000000000000000
0.079000000000000	0.000000000000000
0.080000000000000	0.000000000000000
0.081000000000000	0.000000000000000
0.082000000000000	0.001196000000000
0.083000000000000	0.000000000000000
0.084000000000000	0.022729000000000
0.085000000000000	0.000000000000000
0.086000000000000	0.011963000000000
0.087000000000000	0.008374000000000
0.088000000000000	0.010767000000000
0.089000000000000	0.011963000000000
0.090000000000000	0.008374000000000
0.091000000000000	0.001196000000000
0.092000000000000	0.000000000000000
0.093000000000000	0.000000000000000
0.094000000000000	0.000000000000000
0.095000000000000	0.000000000000000
0.096000000000000	0.000000000000000
0.097000000000000	0.000000000000000
0.098000000000000	0.000000000000000
0.099000000000000	0.000000000000000
0.100000000000000	0.000000000000000
0.101000000000000	0.000000000000000
0.102000000000000	0.010767000000000
0.103000000000000	0.000000000000000
0.104000000000000	0.014355000000000
0.105000000000000	0.017944000000000
0.106000000000000	0.000000000000000
0.107000000000000	0.000000000000000
0.108000000000000	0.000000000000000
0.109000000000000	0.000000000000000
0.110000000000000	0.028711000000000
0.111000000000000	0.041870000000000
0.112000000000000	0.088525000000000
0.113000000000000	0.119629000000000
0.114000000000000	0.150732000000000
0.115000000000000	0.179443000000000
0.116000000000000	0.209351000000000
0.117000000000000	0.242847000000000
0.118000000000000	0.334961000000000
0.119000000000000	0.356494000000000
0.120000000000000	0.411523000000000
0.121000000000000	0.458179000000000
0.122000000000000	0.486890000000000
0.123000000000000	0.519189000000000
0.124000000000000	0.550293000000000
0.125000000000000	0.647192000000000
0.126000000000000	0.655566000000000
0.127000000000000	0.666333000000000
0.128000000000000	0.782373000000000
0.129000000000000	0.814673000000000
0.130000000000000	0.924731000000000
0.131000000000000	0.939087000000000
0.132000000000000	1.012061000000000
0.133000000000000	1.057520000000000
0.134000000000000	1.116138000000000
0.135000000000000	1.234570000000000
0.136000000000000	1.254907000000000
0.137000000000000	1.373340000000000
0.138000000000000	1.400854000000000
0.139000000000000	1.458276000000000
0.140000000000000	1.501343000000000
0.141000000000000	1.588672000000000
0.142000000000000	1.647290000000000
0.143000000000000	1.705908000000000
0.144000000000000	1.759741000000000
0.145000000000000	1.789648000000000
0.146000000000000	1.887744000000000
0.147000000000000	1.955933000000000
0.148000000000000	2.022925000000000
0.149000000000000	2.107861000000000
0.150000000000000	2.135376000000000
0.151000000000000	2.226294000000000
0.152000000000000	2.307642000000000
0.153000000000000	2.325586000000000
0.154000000000000	2.387793000000000
0.155000000000000	2.489478000000000
0.156000000000000	2.526563000000000
0.157000000000000	2.582788000000000
0.158000000000000	2.619873000000000
0.159000000000000	2.674902000000000
0.160000000000000	2.690454000000000
0.161000000000000	2.770605000000000
0.162000000000000	2.845972000000000
0.163000000000000	2.885449000000000
0.164000000000000	2.936890000000000
0.165000000000000	2.975171000000000
0.166000000000000	3.037378000000000
0.167000000000000	3.084033000000000
0.168000000000000	3.173755000000000
0.169000000000000	3.180933000000000
0.170000000000000	3.246729000000000
0.171000000000000	3.277832000000000
0.172000000000000	3.320898000000000
0.173000000000000	3.332861000000000
0.174000000000000	3.381909000000000
0.175000000000000	3.408228000000000
0.176000000000000	3.444116000000000
0.177000000000000	3.465649000000000
0.178000000000000	3.494360000000000
0.179000000000000	3.489575000000000
0.180000000000000	3.531445000000000
0.181000000000000	3.573315000000000
0.182000000000000	3.592456000000000
0.183000000000000	3.593652000000000
0.184000000000000	3.627148000000000
0.185000000000000	3.618774000000000
0.186000000000000	3.664233000000000
0.187000000000000	3.630737000000000
0.188000000000000	3.673804000000000
0.189000000000000	3.658252000000000
0.190000000000000	3.630737000000000
0.191000000000000	3.611597000000000
0.192000000000000	3.604419000000000
0.193000000000000	3.561353000000000
0.194000000000000	3.537427000000000
0.195000000000000	3.543408000000000
0.196000000000000	3.515894000000000
0.197000000000000	3.515894000000000
0.198000000000000	3.480005000000000
0.199000000000000	3.462061000000000
0.200000000000000	3.447705000000000
0.201000000000000	3.436938000000000
0.202000000000000	3.433350000000000
0.203000000000000	3.371143000000000
0.204000000000000	3.322095000000000
0.205000000000000	3.280225000000000
0.206000000000000	3.295776000000000
0.207000000000000	3.281421000000000
0.208000000000000	3.298169000000000
0.209000000000000	3.371143000000000
0.210000000000000	3.457275000000000
0.211000000000000	3.600830000000000
0.212000000000000	3.736011000000000
0.213000000000000	3.878369000000000
0.214000000000000	4.086523000000000
0.215000000000000	4.239648000000000
0.216000000000000	4.448999000000000
0.217000000000000	4.651172000000000
0.218000000000000	4.848560000000000
0.219000000000000	5.012451000000000
0.220000000000000	5.217017000000000
0.221000000000000	5.390479000000000
0.222000000000000	5.510107000000000
0.223000000000000	5.706299000000000
0.224000000000000	5.792432000000000
0.225000000000000	5.918042000000000
0.226000000000000	6.053223000000000
0.227000000000000	6.152515000000000
0.228000000000000	6.243433000000000
0.229000000000000	6.371436000000000
0.230000000000000	6.449194000000000
0.231000000000000	6.530542000000000
0.232000000000000	6.601123000000000
0.233000000000000	6.704004000000000
0.234000000000000	6.775781000000000
0.235000000000000	6.822437000000000
0.236000000000000	6.876270000000000
0.237000000000000	6.869092000000000
0.238000000000000	6.864307000000000
0.239000000000000	6.878662000000000
0.240000000000000	6.854736000000000
0.241000000000000	6.849951000000000
0.242000000000000	6.784155000000000
0.243000000000000	6.802100000000000
0.244000000000000	6.749463000000000
0.245000000000000	6.747070000000000
0.246000000000000	6.687256000000000
0.247000000000000	6.564038000000000
0.248000000000000	6.524561000000000
0.249000000000000	6.418091000000000
0.250000000000000	6.319995000000000
0.251000000000000	6.190796000000000
0.252000000000000	6.053223000000000
0.253000000000000	5.924023000000000
0.254000000000000	5.756543000000000
0.255000000000000	5.572314000000000
0.256000000000000	5.355786000000000
0.257000000000000	5.170361000000000
0.258000000000000	4.959814000000000
0.259000000000000	4.769604000000000
0.260000000000000	4.549487000000000
0.261000000000000	4.354492000000000
0.262000000000000	4.161890000000000
0.263000000000000	3.968090999999999
0.264000000000000	3.743188000000000
0.265000000000000	3.537427000000000
0.266000000000000	3.395068000000000
0.267000000000000	3.186914000000000
0.268000000000000	3.000293000000000
0.269000000000000	2.860327000000000
0.270000000000000	2.655762000000000
0.271000000000000	2.478711000000000
0.272000000000000	2.337549000000000
0.273000000000000	2.192798000000000
0.274000000000000	2.034888000000000
0.275000000000000	1.897314000000000
0.276000000000000	1.740601000000000
0.277000000000000	1.640112000000000
0.278000000000000	1.521680000000000
0.279000000000000	1.421191000000000
0.280000000000000	1.321899000000000
0.281000000000000	1.234570000000000
0.282000000000000	1.112549000000000
0.283000000000000	1.049146000000000
0.284000000000000	0.979761000000000
0.285000000000000	0.936694000000000
0.286000000000000	0.861328000000000
0.287000000000000	0.796729000000000
0.288000000000000	0.718970000000000
0.289000000000000	0.680688000000000
0.290000000000000	0.605322000000000
0.291000000000000	0.561060000000000
0.292000000000000	0.509619000000000
0.293000000000000	0.456982000000000
0.294000000000000	0.431860000000000
0.295000000000000	0.422290000000000
0.296000000000000	0.388794000000000
0.297000000000000	0.361279000000000
0.298000000000000	0.363672000000000
0.299000000000000	0.300269000000000
0.300000000000000	0.303857000000000
0.301000000000000	0.266772000000000
0.302000000000000	0.270361000000000
0.303000000000000	0.233276000000000
0.304000000000000	0.212939000000000
0.305000000000000	0.217725000000000
0.306000000000000	0.221313000000000
0.307000000000000	0.192603000000000
0.308000000000000	0.181836000000000
0.309000000000000	0.173462000000000
0.310000000000000	0.200977000000000
0.311000000000000	0.200977000000000
0.312000000000000	0.226099000000000
0.313000000000000	0.230884000000000
0.314000000000000	0.245239000000000
0.315000000000000	0.281128000000000
0.316000000000000	0.283521000000000
0.317000000000000	0.308643000000000
0.318000000000000	0.369653000000000
0.319000000000000	0.328979000000000
0.320000000000000	0.348120000000000
0.321000000000000	0.364868000000000
0.322000000000000	0.363672000000000
0.323000000000000	0.325391000000000
0.324000000000000	0.350513000000000
0.325000000000000	0.340942000000000
0.326000000000000	0.350513000000000
0.327000000000000	0.325391000000000
0.328000000000000	0.358887000000000
0.329000000000000	0.373242000000000
0.330000000000000	0.367261000000000
0.331000000000000	0.355298000000000
0.332000000000000	0.373242000000000
0.333000000000000	0.399561000000000
0.334000000000000	0.385205000000000
0.335000000000000	0.410327000000000
0.336000000000000	0.416309000000000
0.337000000000000	0.435449000000000
0.338000000000000	0.401953000000000
0.339000000000000	0.421094000000000
0.340000000000000	0.397168000000000
0.341000000000000	0.421094000000000
0.342000000000000	0.427075000000000
0.343000000000000	0.409131000000000
0.344000000000000	0.461768000000000
0.345000000000000	0.461768000000000
0.346000000000000	0.484497000000000
0.347000000000000	0.490479000000000
0.348000000000000	0.483301000000000
0.349000000000000	0.558667000000000
0.350000000000000	0.540723000000000
0.351000000000000	0.576611000000000
0.352000000000000	0.606519000000000
0.353000000000000	0.629248000000000
0.354000000000000	0.625659000000000
0.355000000000000	0.623267000000000
0.356000000000000	0.631641000000000
0.357000000000000	0.698633000000000
0.358000000000000	0.689063000000000
0.359000000000000	0.722559000000000
0.360000000000000	0.685474000000000
0.361000000000000	0.736914000000000
0.362000000000000	0.757251000000000
0.363000000000000	0.775195000000000
0.364000000000000	0.765625000000000
0.365000000000000	0.789551000000000
0.366000000000000	0.796729000000000
0.367000000000000	0.826636000000000
0.368000000000000	0.845776000000000
0.369000000000000	0.835010000000000
0.370000000000000	0.848169000000000
0.371000000000000	0.857739000000000
0.372000000000000	0.842188000000000
0.373000000000000	0.843384000000000
0.374000000000000	0.805103000000000
0.375000000000000	0.823047000000000
0.376000000000000	0.837402000000000
0.377000000000000	0.811084000000000
0.378000000000000	0.825439000000000
0.379000000000000	0.821851000000000
0.380000000000000	0.790747000000000
0.381000000000000	0.821851000000000
0.382000000000000	0.825439000000000
0.383000000000000	0.845776000000000
0.384000000000000	0.848169000000000
0.385000000000000	0.823047000000000
0.386000000000000	0.837402000000000
0.387000000000000	0.831421000000000
0.388000000000000	0.817065000000000
0.389000000000000	0.821851000000000
0.390000000000000	0.837402000000000
0.391000000000000	0.805103000000000
0.392000000000000	0.778784000000000
0.393000000000000	0.754858000000000
0.394000000000000	0.763232000000000
0.395000000000000	0.760840000000000
0.396000000000000	0.717773000000000
0.397000000000000	0.709399000000000
0.398000000000000	0.711792000000000
0.399000000000000	0.698633000000000
0.400000000000000	0.716577000000000
0.401000000000000	0.705811000000000
0.402000000000000	0.673511000000000
0.403000000000000	0.678296000000000
0.404000000000000	0.650781000000000
0.405000000000000	0.613696000000000
0.406000000000000	0.612500000000000
0.407000000000000	0.617285000000000
0.408000000000000	0.662744000000000
0.409000000000000	0.662744000000000
0.410000000000000	0.722559000000000
0.411000000000000	0.846973000000000
0.412000000000000	0.959424000000000
0.413000000000000	1.111353000000000
0.414000000000000	1.258496000000000
0.415000000000000	1.467847000000000
0.416000000000000	1.667627000000000
0.417000000000000	1.885352000000000
0.418000000000000	2.065991000000000
0.419000000000000	2.298071000000000
0.420000000000000	2.521777000000000
0.421000000000000	2.778979000000000
0.422000000000000	2.988330000000000
0.423000000000000	3.223999000000000
0.424000000000000	3.454883000000000
0.425000000000000	3.664233000000000
0.426000000000000	3.855640000000000
0.427000000000000	4.059009000000000
0.428000000000000	4.285107000000000
0.429000000000000	4.499243000000000
0.430000000000000	4.718164000000000
0.431000000000000	4.916748000000000
0.432000000000000	5.115332000000000
0.433000000000000	5.325879000000000
0.434000000000000	5.563940000000000
0.435000000000000	5.733813000000000
0.436000000000000	5.878564000000000
0.437000000000000	6.050830000000000
0.438000000000000	6.174048000000000
0.439000000000000	6.335547000000000
0.440000000000000	6.486279000000000
0.441000000000000	6.617871000000000
0.442000000000000	6.750659000000000
0.443000000000000	6.833203000000000
0.444000000000000	6.912158000000000
0.445000000000000	6.986328000000000
0.446000000000000	7.104761000000000
0.447000000000000	7.162183000000000
0.448000000000000	7.230371000000000
0.449000000000000	7.294971000000000
0.450000000000000	7.351196000000000
0.451000000000000	7.359570000000000
0.452000000000000	7.364355000000000
0.453000000000000	7.358374000000000
0.454000000000000	7.390674000000000
0.455000000000000	7.358374000000000
0.456000000000000	7.358374000000000
0.457000000000000	7.300952000000000
0.458000000000000	7.238745000000000
0.459000000000000	7.204053000000000
0.460000000000000	7.155005000000000
0.461000000000000	7.093994000000000
0.462000000000000	7.052124000000000
0.463000000000000	6.982739000000000
0.464000000000000	6.894214000000000
0.465000000000000	6.772192000000000
0.466000000000000	6.705200000000000
0.467000000000000	6.615479000000000
0.468000000000000	6.564038000000000
0.469000000000000	6.442017000000000
0.470000000000000	6.305640000000000
0.471000000000000	6.182422000000000
0.472000000000000	6.090308000000000
0.473000000000000	5.994604000000000
0.474000000000000	5.846265000000000
0.475000000000000	5.730225000000000
0.476000000000000	5.553174000000000
0.477000000000000	5.390479000000000
0.478000000000000	5.246924000000000
0.479000000000000	5.089014000000000
0.480000000000000	4.911963000000000
0.481000000000000	4.740894000000000
0.482000000000000	4.586572000000000
0.483000000000000	4.376025000000000
0.484000000000000	4.206152000000000
0.485000000000000	4.038672000000000
0.486000000000000	3.831714000000000
0.487000000000000	3.646289000000000
0.488000000000000	3.440527000000000
0.489000000000000	3.280225000000000
0.490000000000000	3.087622000000000
0.491000000000000	2.926123000000000
0.492000000000000	2.722754000000000
0.493000000000000	2.546899000000000
0.494000000000000	2.391382000000000
0.495000000000000	2.235864000000000
0.496000000000000	2.115039000000000
0.497000000000000	1.955933000000000
0.498000000000000	1.781274000000000
0.499000000000000	1.695142000000000
0.500000000000000	1.542017000000000
0.501000000000000	1.419995000000000
0.502000000000000	1.354199000000000
0.503000000000000	1.180737000000000
0.504000000000000	1.124512000000000
0.505000000000000	1.024023000000000
0.506000000000000	0.967798000000000
0.507000000000000	0.863721000000000
0.508000000000000	0.831421000000000
0.509000000000000	0.766821000000000
0.510000000000000	0.707007000000000
0.511000000000000	0.692651000000000
0.512000000000000	0.669922000000000
0.513000000000000	0.659155000000000
0.514000000000000	0.628052000000000
0.515000000000000	0.623267000000000
0.516000000000000	0.596948000000000
0.517000000000000	0.582593000000000
0.518000000000000	0.613696000000000
0.519000000000000	0.595752000000000
0.520000000000000	0.590967000000000
0.521000000000000	0.579004000000000
0.522000000000000	0.547900000000000
0.523000000000000	0.489282000000000
0.524000000000000	0.489282000000000
0.525000000000000	0.442627000000000
0.526000000000000	0.437842000000000
0.527000000000000	0.401953000000000
0.528000000000000	0.374438000000000
0.529000000000000	0.403149000000000
0.530000000000000	0.389990000000000
0.531000000000000	0.376831000000000
0.532000000000000	0.398364000000000
0.533000000000000	0.368457000000000
0.534000000000000	0.345728000000000
0.535000000000000	0.339746000000000
0.536000000000000	0.309839000000000
0.537000000000000	0.312231000000000
0.538000000000000	0.306250000000000
0.539000000000000	0.282324000000000
0.540000000000000	0.261987000000000
0.541000000000000	0.222510000000000
0.542000000000000	0.245239000000000
0.543000000000000	0.203369000000000
0.544000000000000	0.196191000000000
0.545000000000000	0.240454000000000
0.546000000000000	0.236865000000000
0.547000000000000	0.192603000000000
0.548000000000000	0.187817000000000
0.549000000000000	0.181836000000000
0.550000000000000	0.191406000000000
0.551000000000000	0.214136000000000
0.552000000000000	0.180640000000000
0.553000000000000	0.184229000000000
0.554000000000000	0.162695000000000
0.555000000000000	0.163892000000000
0.556000000000000	0.173462000000000
0.557000000000000	0.135181000000000
0.558000000000000	0.143555000000000
0.559000000000000	0.126807000000000
0.560000000000000	0.113647000000000
0.561000000000000	0.102881000000000
0.562000000000000	0.101685000000000
0.563000000000000	0.128003000000000
0.564000000000000	0.107666000000000
0.565000000000000	0.119629000000000
0.566000000000000	0.086133000000000
0.567000000000000	0.096899000000000
0.568000000000000	0.111255000000000
0.569000000000000	0.104077000000000
0.570000000000000	0.116040000000000
0.571000000000000	0.084937000000000
0.572000000000000	0.081348000000000
0.573000000000000	0.078955000000000
0.574000000000000	0.070581000000000
0.575000000000000	0.082544000000000
0.576000000000000	0.084937000000000
0.577000000000000	0.084937000000000
0.578000000000000	0.066992000000000
0.579000000000000	0.037085000000000
0.580000000000000	0.045459000000000
0.581000000000000	0.072974000000000
0.582000000000000	0.059814000000000
0.583000000000000	0.081348000000000
0.584000000000000	0.092114000000000
0.585000000000000	0.096899000000000
0.586000000000000	0.086133000000000
0.587000000000000	0.070581000000000
0.588000000000000	0.061011000000000
0.589000000000000	0.056226000000000
0.590000000000000	0.084937000000000
0.591000000000000	0.039478000000000
0.592000000000000	0.047852000000000
0.593000000000000	0.038281000000000
0.594000000000000	0.031104000000000
0.595000000000000	0.034692000000000
0.596000000000000	0.057422000000000
0.597000000000000	0.069385000000000
0.598000000000000	0.034692000000000
0.599000000000000	0.037085000000000
0.600000000000000	0.070581000000000
0.601000000000000	0.052637000000000
0.602000000000000	0.069385000000000
0.603000000000000	0.053833000000000
0.604000000000000	0.034692000000000
0.605000000000000	0.070581000000000
0.606000000000000	0.084937000000000
0.607000000000000	0.070581000000000
0.608000000000000	0.069385000000000
0.609000000000000	0.062207000000000
0.610000000000000	0.086133000000000
0.611000000000000	0.087329000000000
0.612000000000000	0.130396000000000
0.613000000000000	0.151929000000000
0.614000000000000	0.166284000000000
0.615000000000000	0.212939000000000
0.616000000000000	0.232080000000000
0.617000000000000	0.306250000000000
0.618000000000000	0.308643000000000
0.619000000000000	0.334961000000000
0.620000000000000	0.387598000000000
0.621000000000000	0.434253000000000
0.622000000000000	0.486890000000000
0.623000000000000	0.513208000000000
0.624000000000000	0.528760000000000
0.625000000000000	0.547900000000000
0.626000000000000	0.583789000000000
0.627000000000000	0.589771000000000
0.628000000000000	0.634033000000000
0.629000000000000	0.675903000000000
0.630000000000000	0.709399000000000
0.631000000000000	0.758447000000000
0.632000000000000	0.729736000000000
0.633000000000000	0.803906000000000
0.634000000000000	0.839795000000000
0.635000000000000	0.851758000000000
0.636000000000000	0.885254000000000
0.637000000000000	0.867310000000000
0.638000000000000	0.906787000000000
0.639000000000000	0.906787000000000
0.640000000000000	0.911572000000000
0.641000000000000	0.968994000000000
0.642000000000000	0.942676000000000
0.643000000000000	0.942676000000000
0.644000000000000	0.957031000000000
0.645000000000000	0.971387000000000
0.646000000000000	0.958228000000000
0.647000000000000	0.976172000000000
0.648000000000000	1.007275000000000
0.649000000000000	0.978564000000000
0.650000000000000	1.000098000000000
0.651000000000000	0.996509000000000
0.652000000000000	1.007275000000000
0.653000000000000	0.972583000000000
0.654000000000000	0.970190000000000
0.655000000000000	0.980957000000000
0.656000000000000	0.937891000000000
0.657000000000000	0.930713000000000
0.658000000000000	0.913965000000000
0.659000000000000	0.898413000000000
0.660000000000000	0.919946000000000
0.661000000000000	0.903198000000000
0.662000000000000	0.861328000000000
0.663000000000000	0.868506000000000
0.664000000000000	0.851758000000000
0.665000000000000	0.854150000000000
0.666000000000000	0.832617000000000
0.667000000000000	0.843384000000000
0.668000000000000	0.812280000000000
0.669000000000000	0.779980000000000
0.670000000000000	0.766821000000000
0.671000000000000	0.728540000000000
0.672000000000000	0.730933000000000
0.673000000000000	0.736914000000000
0.674000000000000	0.709399000000000
0.675000000000000	0.681885000000000
0.676000000000000	0.669922000000000
0.677000000000000	0.657959000000000
0.678000000000000	0.617285000000000
0.679000000000000	0.661548000000000
0.680000000000000	0.649585000000000
0.681000000000000	0.606519000000000
0.682000000000000	0.613696000000000
0.683000000000000	0.617285000000000
0.684000000000000	0.596948000000000
0.685000000000000	0.601733000000000
0.686000000000000	0.562256000000000
0.687000000000000	0.545508000000000
0.688000000000000	0.541919000000000
0.689000000000000	0.488086000000000
0.690000000000000	0.513208000000000
0.691000000000000	0.494067000000000
0.692000000000000	0.448608000000000
0.693000000000000	0.443823000000000
0.694000000000000	0.440234000000000
0.695000000000000	0.398364000000000
0.696000000000000	0.417505000000000
0.697000000000000	0.400757000000000
0.698000000000000	0.367261000000000
0.699000000000000	0.378027000000000
0.700000000000000	0.388794000000000
0.701000000000000	0.382812000000000
0.702000000000000	0.382812000000000
0.703000000000000	0.358887000000000
0.704000000000000	0.345728000000000
0.705000000000000	0.315820000000000
0.706000000000000	0.312231000000000
0.707000000000000	0.338550000000000
0.708000000000000	0.311035000000000
0.709000000000000	0.312231000000000
0.710000000000000	0.321802000000000
0.711000000000000	0.349316000000000
0.712000000000000	0.392383000000000
0.713000000000000	0.464160000000000
0.714000000000000	0.407935000000000
0.715000000000000	0.451001000000000
0.716000000000000	0.516797000000000
0.717000000000000	0.558667000000000
0.718000000000000	0.589771000000000
0.719000000000000	0.635229000000000
0.720000000000000	0.654370000000000
0.721000000000000	0.708203000000000
0.722000000000000	0.732129000000000
0.723000000000000	0.739307000000000
0.724000000000000	0.768018000000000
0.725000000000000	0.776392000000000
0.726000000000000	0.808691000000000
0.727000000000000	0.823047000000000
0.728000000000000	0.899609000000000
0.729000000000000	0.874487000000000
0.730000000000000	0.917554000000000
0.731000000000000	0.967798000000000
0.732000000000000	0.965405000000000
0.733000000000000	1.026416000000000
0.734000000000000	1.032397000000000
0.735000000000000	1.080249000000000
0.736000000000000	1.053931000000000
0.737000000000000	1.087427000000000
0.738000000000000	1.085034000000000
0.739000000000000	1.155615000000000
0.740000000000000	1.118530000000000
0.741000000000000	1.130493000000000
0.742000000000000	1.129297000000000
0.743000000000000	1.152026000000000
0.744000000000000	1.179541000000000
0.745000000000000	1.172363000000000
0.746000000000000	1.198682000000000
0.747000000000000	1.222607000000000
0.748000000000000	1.214233000000000
0.749000000000000	1.240552000000000
0.750000000000000	1.262085000000000
0.751000000000000	1.254907000000000
0.752000000000000	1.270459000000000
0.753000000000000	1.203467000000000
0.754000000000000	1.240552000000000
0.755000000000000	1.223804000000000
0.756000000000000	1.238159000000000
0.757000000000000	1.211841000000000
0.758000000000000	1.230981000000000
0.759000000000000	1.165186000000000
0.760000000000000	1.180737000000000
0.761000000000000	1.175952000000000
0.762000000000000	1.152026000000000
0.763000000000000	1.117334000000000
0.764000000000000	1.142456000000000
0.765000000000000	1.149634000000000
0.766000000000000	1.137671000000000
0.767000000000000	1.131689000000000
0.768000000000000	1.119727000000000
0.769000000000000	1.112549000000000
0.770000000000000	1.064697000000000
0.771000000000000	1.102979000000000
0.772000000000000	1.080249000000000
0.773000000000000	1.046753000000000
0.774000000000000	0.984546000000000
0.775000000000000	0.982153000000000
0.776000000000000	0.972583000000000
0.777000000000000	0.930713000000000
0.778000000000000	0.931909000000000
0.779000000000000	0.941479000000000
0.780000000000000	0.893628000000000
0.781000000000000	0.881665000000000
0.782000000000000	0.882861000000000
0.783000000000000	0.858936000000000
0.784000000000000	0.867310000000000
0.785000000000000	0.842188000000000
0.786000000000000	0.801514000000000
0.787000000000000	0.779980000000000
0.788000000000000	0.760840000000000
0.789000000000000	0.723755000000000
0.790000000000000	0.722559000000000
0.791000000000000	0.703418000000000
0.792000000000000	0.630444000000000
0.793000000000000	0.587378000000000
0.794000000000000	0.596948000000000
0.795000000000000	0.592163000000000
0.796000000000000	0.534741000000000
0.797000000000000	0.553882000000000
0.798000000000000	0.506030000000000
0.799000000000000	0.528760000000000
0.800000000000000	0.478516000000000
0.801000000000000	0.501245000000000
0.802000000000000	0.466553000000000
0.803000000000000	0.434253000000000
0.804000000000000	0.483301000000000
0.805000000000000	0.416309000000000
0.806000000000000	0.422290000000000
0.807000000000000	0.361279000000000
0.808000000000000	0.395972000000000
0.809000000000000	0.403149000000000
0.810000000000000	0.422290000000000
0.811000000000000	0.486890000000000
0.812000000000000	0.546704000000000
0.813000000000000	0.638818000000000
0.814000000000000	0.711792000000000
0.815000000000000	0.776392000000000
0.816000000000000	0.907983000000000
0.817000000000000	1.033594000000000
0.818000000000000	1.130493000000000
0.819000000000000	1.221411000000000
0.820000000000000	1.329077000000000
0.821000000000000	1.410425000000000
0.822000000000000	1.521680000000000
0.823000000000000	1.617383000000000
0.824000000000000	1.703516000000000
0.825000000000000	1.751367000000000
0.826000000000000	1.838696000000000
0.827000000000000	1.935596000000000
0.828000000000000	1.995410000000000
0.829000000000000	2.088721000000000
0.830000000000000	2.208350000000000
0.831000000000000	2.231079000000000
0.832000000000000	2.308838000000000
0.833000000000000	2.420093000000000
0.834000000000000	2.479907000000000
0.835000000000000	2.536133000000000
0.836000000000000	2.606714000000000
0.837000000000000	2.644995000000000
0.838000000000000	2.720361000000000
0.839000000000000	2.740698000000000
0.840000000000000	2.782568000000000
0.841000000000000	2.800513000000000
0.842000000000000	2.824438000000000
0.843000000000000	2.872290000000000
0.844000000000000	2.885449000000000
0.845000000000000	2.909375000000000
0.846000000000000	2.934497000000000
0.847000000000000	2.956030000000000
0.848000000000000	2.963208000000000
0.849000000000000	3.001489000000000
0.850000000000000	3.000293000000000
0.851000000000000	2.993115000000000
0.852000000000000	3.011060000000000
0.853000000000000	3.009863000000000
0.854000000000000	2.967993000000000
0.855000000000000	2.970386000000000
0.856000000000000	2.977563000000000
0.857000000000000	2.928516000000000
0.858000000000000	2.901001000000000
0.859000000000000	2.867505000000000
0.860000000000000	2.834009000000000
0.861000000000000	2.824438000000000
0.862000000000000	2.805298000000000
0.863000000000000	2.782568000000000
0.864000000000000	2.720361000000000
0.865000000000000	2.719165000000000
0.866000000000000	2.652173000000000
0.867000000000000	2.605518000000000
0.868000000000000	2.622266000000000
0.869000000000000	2.563647000000000
0.870000000000000	2.512207000000000
0.871000000000000	2.478711000000000
0.872000000000000	2.423682000000000
0.873000000000000	2.368652000000000
0.874000000000000	2.286108000000000
0.875000000000000	2.223901000000000
0.876000000000000	2.198779000000000
0.877000000000000	2.098291000000000
0.878000000000000	2.067188000000000
0.879000000000000	2.015747000000000
0.880000000000000	1.959521000000000
0.881000000000000	1.873389000000000
0.882000000000000	1.826733000000000
0.883000000000000	1.775293000000000
0.884000000000000	1.673608000000000
0.885000000000000	1.692749000000000
0.886000000000000	1.571924000000000
0.887000000000000	1.502539000000000
0.888000000000000	1.452295000000000
0.889000000000000	1.406836000000000
0.890000000000000	1.370947000000000
0.891000000000000	1.254907000000000
0.892000000000000	1.189111000000000
0.893000000000000	1.141260000000000
0.894000000000000	1.073071000000000
0.895000000000000	1.030005000000000
0.896000000000000	1.001294000000000
0.897000000000000	0.907983000000000
0.898000000000000	0.848169000000000
0.899000000000000	0.787158000000000
0.900000000000000	0.793140000000000
0.901000000000000	0.765625000000000
0.902000000000000	0.711792000000000
0.903000000000000	0.641211000000000
0.904000000000000	0.601733000000000
0.905000000000000	0.568237000000000
0.906000000000000	0.528760000000000
0.907000000000000	0.500049000000000
0.908000000000000	0.504834000000000
0.909000000000000	0.451001000000000
0.910000000000000	0.434253000000000
0.911000000000000	0.472534000000000
0.912000000000000	0.500049000000000
0.913000000000000	0.516797000000000
0.914000000000000	0.477319000000000
0.915000000000000	0.514404000000000
0.916000000000000	0.516797000000000
0.917000000000000	0.540723000000000
0.918000000000000	0.543115000000000
0.919000000000000	0.587378000000000
0.920000000000000	0.534741000000000
0.921000000000000	0.535938000000000
0.922000000000000	0.570630000000000
0.923000000000000	0.564648000000000
0.924000000000000	0.550293000000000
0.925000000000000	0.520386000000000
0.926000000000000	0.492871000000000
0.927000000000000	0.467749000000000
0.928000000000000	0.502441000000000
0.929000000000000	0.498853000000000
0.930000000000000	0.478516000000000
0.931000000000000	0.472534000000000
0.932000000000000	0.472534000000000
0.933000000000000	0.485693000000000
0.934000000000000	0.460571000000000
0.935000000000000	0.446216000000000
0.936000000000000	0.387598000000000
0.937000000000000	0.400757000000000
0.938000000000000	0.384009000000000
0.939000000000000	0.406738000000000
0.940000000000000	0.369653000000000
0.941000000000000	0.364868000000000
0.942000000000000	0.325391000000000
0.943000000000000	0.333765000000000
0.944000000000000	0.295483000000000
0.945000000000000	0.289502000000000
0.946000000000000	0.291895000000000
0.947000000000000	0.242847000000000
0.948000000000000	0.265576000000000
0.949000000000000	0.260791000000000
0.950000000000000	0.256006000000000
0.951000000000000	0.244043000000000
0.952000000000000	0.241650000000000
0.953000000000000	0.253613000000000
0.954000000000000	0.227295000000000
0.955000000000000	0.209351000000000
0.956000000000000	0.202173000000000
0.957000000000000	0.229688000000000
0.958000000000000	0.169873000000000
0.959000000000000	0.165088000000000
0.960000000000000	0.136377000000000
0.961000000000000	0.147144000000000
0.962000000000000	0.106470000000000
0.963000000000000	0.155518000000000
0.964000000000000	0.100488000000000
0.965000000000000	0.124414000000000
0.966000000000000	0.114844000000000
0.967000000000000	0.139966000000000
0.968000000000000	0.139966000000000
0.969000000000000	0.126807000000000
0.970000000000000	0.078955000000000
0.971000000000000	0.118433000000000
0.972000000000000	0.116040000000000
0.973000000000000	0.105273000000000
0.974000000000000	0.086133000000000
0.975000000000000	0.069385000000000
0.976000000000000	0.039478000000000
0.977000000000000	0.083740000000000
0.978000000000000	0.047852000000000
0.979000000000000	0.058618000000000
0.980000000000000	0.064600000000000
0.981000000000000	0.053833000000000
0.982000000000000	0.041870000000000
0.983000000000000	0.069385000000000
0.984000000000000	0.035889000000000
0.985000000000000	0.077759000000000
0.986000000000000	0.080151000000000
0.987000000000000	0.072974000000000
0.988000000000000	0.041870000000000
0.989000000000000	0.010767000000000
0.990000000000000	0.023926000000000
0.991000000000000	0.037085000000000
0.992000000000000	0.008374000000000
0.993000000000000	0.033496000000000
0.994000000000000	0.035889000000000
0.995000000000000	0.009570000000000
0.996000000000000	0.040674000000000
0.997000000000000	0.008374000000000
0.998000000000000	0.049048000000000
0.999000000000000	0.037085000000000
1.000000000000000	0.078955000000000
1.001000000000000	0.029907000000000
1.002000000000000	0.027515000000000
1.003000000000000	0.063403000000000
1.004000000000000	0.031104000000000
1.005000000000000	0.062207000000000
1.006000000000000	0.047852000000000
1.007000000000000	0.008374000000000
1.008000000000000	0.023926000000000
1.009000000000000	0.014355000000000
1.010000000000000	0.023926000000000
1.011000000000000	0.063403000000000
1.012000000000000	0.057422000000000
1.013000000000000	0.063403000000000
1.014000000000000	0.076563000000000
1.015000000000000	0.116040000000000
1.016000000000000	0.148340000000000
1.017000000000000	0.199780000000000
1.018000000000000	0.209351000000000
1.019000000000000	0.193799000000000
1.020000000000000	0.222510000000000
1.021000000000000	0.248828000000000
1.022000000000000	0.291895000000000
1.023000000000000	0.300269000000000
1.024000000000000	0.291895000000000
1.025000000000000	0.281128000000000
1.026000000000000	0.289502000000000
1.027000000000000	0.332568000000000
1.028000000000000	0.357690000000000
1.029000000000000	0.343335000000000
1.030000000000000	0.409131000000000
1.031000000000000	0.410327000000000
1.032000000000000	0.418701000000000
1.033000000000000	0.456982000000000
1.034000000000000	0.495264000000000
1.035000000000000	0.497656000000000
1.036000000000000	0.495264000000000
1.037000000000000	0.506030000000000
1.038000000000000	0.529956000000000
1.039000000000000	0.544312000000000
1.040000000000000	0.540723000000000
1.041000000000000	0.553882000000000
1.042000000000000	0.541919000000000
1.043000000000000	0.526367000000000
1.044000000000000	0.547900000000000
1.045000000000000	0.586182000000000
1.046000000000000	0.551489000000000
1.047000000000000	0.552686000000000
1.048000000000000	0.553882000000000
1.049000000000000	0.553882000000000
1.050000000000000	0.573022000000000
1.051000000000000	0.574219000000000
1.052000000000000	0.545508000000000
1.053000000000000	0.557471000000000
1.054000000000000	0.545508000000000
1.055000000000000	0.528760000000000
1.056000000000000	0.517993000000000
1.057000000000000	0.501245000000000
1.058000000000000	0.504834000000000
1.059000000000000	0.494067000000000
1.060000000000000	0.465356000000000
1.061000000000000	0.458179000000000
1.062000000000000	0.476123000000000
1.063000000000000	0.476123000000000
1.064000000000000	0.441431000000000
1.065000000000000	0.466553000000000
1.066000000000000	0.436646000000000
1.067000000000000	0.417505000000000
1.068000000000000	0.413916000000000
1.069000000000000	0.419897000000000
1.070000000000000	0.425879000000000
1.071000000000000	0.379224000000000
1.072000000000000	0.374438000000000
1.073000000000000	0.368457000000000
1.074000000000000	0.321802000000000
1.075000000000000	0.334961000000000
1.076000000000000	0.309839000000000
1.077000000000000	0.293091000000000
1.078000000000000	0.312231000000000
1.079000000000000	0.318213000000000
1.080000000000000	0.305054000000000
1.081000000000000	0.281128000000000
1.082000000000000	0.299072000000000
1.083000000000000	0.311035000000000
1.084000000000000	0.278735000000000
1.085000000000000	0.257202000000000
1.086000000000000	0.259595000000000
1.087000000000000	0.279932000000000
1.088000000000000	0.246436000000000
1.089000000000000	0.252417000000000
1.090000000000000	0.241650000000000
1.091000000000000	0.211743000000000
1.092000000000000	0.184229000000000
1.093000000000000	0.168677000000000
1.094000000000000	0.214136000000000
1.095000000000000	0.163892000000000
1.096000000000000	0.198584000000000
1.097000000000000	0.132788000000000
1.098000000000000	0.172266000000000
1.099000000000000	0.150732000000000
1.100000000000000	0.167480000000000
1.101000000000000	0.172266000000000
1.102000000000000	0.157910000000000
1.103000000000000	0.114844000000000
1.104000000000000	0.130396000000000
1.105000000000000	0.151929000000000
1.106000000000000	0.132788000000000
1.107000000000000	0.139966000000000
1.108000000000000	0.122021000000000
1.109000000000000	0.110059000000000
1.110000000000000	0.128003000000000
1.111000000000000	0.136377000000000
1.112000000000000	0.144751000000000
1.113000000000000	0.162695000000000
1.114000000000000	0.192603000000000
1.115000000000000	0.254810000000000
1.116000000000000	0.233276000000000
1.117000000000000	0.264380000000000
1.118000000000000	0.260791000000000
1.119000000000000	0.305054000000000
1.120000000000000	0.321802000000000
1.121000000000000	0.337354000000000
1.122000000000000	0.337354000000000
1.123000000000000	0.328979000000000
1.124000000000000	0.325391000000000
1.125000000000000	0.289502000000000
1.126000000000000	0.343335000000000
1.127000000000000	0.346924000000000
1.128000000000000	0.337354000000000
1.129000000000000	0.357690000000000
1.130000000000000	0.351709000000000
1.131000000000000	0.338550000000000
1.132000000000000	0.361279000000000
1.133000000000000	0.381616000000000
1.134000000000000	0.357690000000000
1.135000000000000	0.363672000000000
1.136000000000000	0.348120000000000
1.137000000000000	0.348120000000000
1.138000000000000	0.325391000000000
1.139000000000000	0.340942000000000
1.140000000000000	0.339746000000000
1.141000000000000	0.305054000000000
1.142000000000000	0.282324000000000
1.143000000000000	0.267969000000000
1.144000000000000	0.291895000000000
1.145000000000000	0.270361000000000
1.146000000000000	0.279932000000000
1.147000000000000	0.277539000000000
1.148000000000000	0.257202000000000
1.149000000000000	0.251221000000000
1.150000000000000	0.254810000000000
1.151000000000000	0.260791000000000
1.152000000000000	0.248828000000000
1.153000000000000	0.209351000000000
1.154000000000000	0.216528000000000
1.155000000000000	0.242847000000000
1.156000000000000	0.187817000000000
1.157000000000000	0.150732000000000
1.158000000000000	0.148340000000000
1.159000000000000	0.153125000000000
1.160000000000000	0.142358000000000
1.161000000000000	0.132788000000000
1.162000000000000	0.129199000000000
1.163000000000000	0.129199000000000
1.164000000000000	0.117236000000000
1.165000000000000	0.095703000000000
1.166000000000000	0.136377000000000
1.167000000000000	0.133984000000000
1.168000000000000	0.138770000000000
1.169000000000000	0.104077000000000
1.170000000000000	0.128003000000000
1.171000000000000	0.087329000000000
1.172000000000000	0.100488000000000
1.173000000000000	0.075366000000000
1.174000000000000	0.075366000000000
1.175000000000000	0.078955000000000
1.176000000000000	0.056226000000000
1.177000000000000	0.043066000000000
1.178000000000000	0.039478000000000
1.179000000000000	0.062207000000000
1.180000000000000	0.045459000000000
1.181000000000000	0.076563000000000
1.182000000000000	0.051440000000000
1.183000000000000	0.029907000000000
1.184000000000000	0.041870000000000
1.185000000000000	0.058618000000000
1.186000000000000	0.076563000000000
1.187000000000000	0.063403000000000
1.188000000000000	0.015552000000000
1.189000000000000	0.062207000000000
1.190000000000000	0.032300000000000
1.191000000000000	0.037085000000000
1.192000000000000	0.015552000000000
1.193000000000000	0.029907000000000
1.194000000000000	0.044263000000000
1.195000000000000	0.008374000000000
1.196000000000000	0.037085000000000
1.197000000000000	0.016748000000000
1.198000000000000	0.027515000000000
1.199000000000000	0.017944000000000
1.200000000000000	0.029907000000000
1.201000000000000	0.052637000000000
1.202000000000000	0.051440000000000
1.203000000000000	0.016748000000000
1.204000000000000	0.044263000000000
1.205000000000000	0.056226000000000
1.206000000000000	0.056226000000000
1.207000000000000	0.046655000000000
1.208000000000000	0.034692000000000
1.209000000000000	0.008374000000000
1.210000000000000	0.052637000000000
1.211000000000000	0.027515000000000
1.212000000000000	0.044263000000000
1.213000000000000	0.075366000000000
1.214000000000000	0.066992000000000
1.215000000000000	0.113647000000000
1.216000000000000	0.129199000000000
1.217000000000000	0.160303000000000
1.218000000000000	0.203369000000000
1.219000000000000	0.236865000000000
1.220000000000000	0.241650000000000
1.221000000000000	0.233276000000000
1.222000000000000	0.288306000000000
1.223000000000000	0.297876000000000
1.224000000000000	0.351709000000000
1.225000000000000	0.331372000000000
1.226000000000000	0.363672000000000
1.227000000000000	0.367261000000000
1.228000000000000	0.407935000000000
1.229000000000000	0.431860000000000
1.230000000000000	0.451001000000000
1.231000000000000	0.461768000000000
1.232000000000000	0.507227000000000
1.233000000000000	0.540723000000000
1.234000000000000	0.531152000000000
1.235000000000000	0.571826000000000
1.236000000000000	0.561060000000000
1.237000000000000	0.583789000000000
1.238000000000000	0.616089000000000
1.239000000000000	0.607715000000000
1.240000000000000	0.608911000000000
1.241000000000000	0.587378000000000
1.242000000000000	0.580200000000000
1.243000000000000	0.556274000000000
1.244000000000000	0.588574000000000
1.245000000000000	0.618481000000000
1.246000000000000	0.608911000000000
1.247000000000000	0.571826000000000
1.248000000000000	0.592163000000000
1.249000000000000	0.596948000000000
1.250000000000000	0.630444000000000
1.251000000000000	0.613696000000000
1.252000000000000	0.619678000000000
1.253000000000000	0.579004000000000
1.254000000000000	0.582593000000000
1.255000000000000	0.571826000000000
1.256000000000000	0.571826000000000
1.257000000000000	0.559863000000000
1.258000000000000	0.534741000000000
1.259000000000000	0.521582000000000
1.260000000000000	0.513208000000000
1.261000000000000	0.500049000000000
1.262000000000000	0.519189000000000
1.263000000000000	0.510815000000000
1.264000000000000	0.509619000000000
1.265000000000000	0.502441000000000
1.266000000000000	0.471338000000000
1.267000000000000	0.479712000000000
1.268000000000000	0.482104000000000
1.269000000000000	0.452197000000000
1.270000000000000	0.482104000000000
1.271000000000000	0.449805000000000
1.272000000000000	0.433057000000000
1.273000000000000	0.418701000000000
1.274000000000000	0.394775000000000
1.275000000000000	0.416309000000000
1.276000000000000	0.367261000000000
1.277000000000000	0.356494000000000
1.278000000000000	0.360083000000000
1.279000000000000	0.337354000000000
1.280000000000000	0.330176000000000
1.281000000000000	0.334961000000000
1.282000000000000	0.299072000000000
1.283000000000000	0.312231000000000
1.284000000000000	0.301465000000000
1.285000000000000	0.318213000000000
1.286000000000000	0.287109000000000
1.287000000000000	0.277539000000000
1.288000000000000	0.264380000000000
1.289000000000000	0.270361000000000
1.290000000000000	0.248828000000000
1.291000000000000	0.267969000000000
1.292000000000000	0.214136000000000
1.293000000000000	0.179443000000000
1.294000000000000	0.181836000000000
1.295000000000000	0.183032000000000
1.296000000000000	0.189014000000000
1.297000000000000	0.171069000000000
1.298000000000000	0.168677000000000
1.299000000000000	0.155518000000000
1.300000000000000	0.174658000000000
1.301000000000000	0.184229000000000
1.302000000000000	0.171069000000000
1.303000000000000	0.179443000000000
1.304000000000000	0.161499000000000
1.305000000000000	0.133984000000000
1.306000000000000	0.117236000000000
1.307000000000000	0.106470000000000
1.308000000000000	0.141162000000000
1.309000000000000	0.157910000000000
1.310000000000000	0.184229000000000
1.311000000000000	0.199780000000000
1.312000000000000	0.239258000000000
1.313000000000000	0.284717000000000
1.314000000000000	0.325391000000000
1.315000000000000	0.434253000000000
1.316000000000000	0.445020000000000
1.317000000000000	0.502441000000000
1.318000000000000	0.600537000000000
1.319000000000000	0.657959000000000
1.320000000000000	0.702222000000000
1.321000000000000	0.738110000000000
1.322000000000000	0.788354000000000
1.323000000000000	0.838599000000000
1.324000000000000	0.867310000000000
1.325000000000000	0.896021000000000
1.326000000000000	0.917554000000000
1.327000000000000	0.928320000000000
1.328000000000000	0.972583000000000
1.329000000000000	1.019238000000000
1.330000000000000	1.034790000000000
1.331000000000000	1.050342000000000
1.332000000000000	1.071875000000000
1.333000000000000	1.093408000000000
1.334000000000000	1.132886000000000
1.335000000000000	1.141260000000000
1.336000000000000	1.136475000000000
1.337000000000000	1.172363000000000
1.338000000000000	1.168774000000000
1.339000000000000	1.162793000000000
1.340000000000000	1.167578000000000
1.341000000000000	1.135278000000000
1.342000000000000	1.158008000000000
1.343000000000000	1.116138000000000
1.344000000000000	1.120923000000000
1.345000000000000	1.107764000000000
1.346000000000000	1.091016000000000
1.347000000000000	1.081445000000000
1.348000000000000	1.065894000000000
1.349000000000000	1.069482000000000
1.350000000000000	1.032397000000000
1.351000000000000	1.016846000000000
1.352000000000000	0.973779000000000
1.353000000000000	0.967798000000000
1.354000000000000	0.933105000000000
1.355000000000000	0.913965000000000
1.356000000000000	0.845776000000000
1.357000000000000	0.830225000000000
1.358000000000000	0.787158000000000
1.359000000000000	0.757251000000000
1.360000000000000	0.726147000000000
1.361000000000000	0.718970000000000
1.362000000000000	0.695044000000000
1.363000000000000	0.640015000000000
1.364000000000000	0.614893000000000
1.365000000000000	0.608911000000000
1.366000000000000	0.583789000000000
1.367000000000000	0.556274000000000
1.368000000000000	0.575415000000000
1.369000000000000	0.513208000000000
1.370000000000000	0.502441000000000
1.371000000000000	0.448608000000000
1.372000000000000	0.435449000000000
1.373000000000000	0.397168000000000
1.374000000000000	0.398364000000000
1.375000000000000	0.366064000000000
1.376000000000000	0.338550000000000
1.377000000000000	0.295483000000000
1.378000000000000	0.299072000000000
1.379000000000000	0.271558000000000
1.380000000000000	0.265576000000000
1.381000000000000	0.259595000000000
1.382000000000000	0.232080000000000
1.383000000000000	0.258398000000000
1.384000000000000	0.256006000000000
1.385000000000000	0.258398000000000
1.386000000000000	0.226099000000000
1.387000000000000	0.233276000000000
1.388000000000000	0.220117000000000
1.389000000000000	0.191406000000000
1.390000000000000	0.217725000000000
1.391000000000000	0.161499000000000
1.392000000000000	0.129199000000000
1.393000000000000	0.186621000000000
1.394000000000000	0.138770000000000
1.395000000000000	0.137573000000000
1.396000000000000	0.107666000000000
1.397000000000000	0.136377000000000
1.398000000000000	0.126807000000000
1.399000000000000	0.090918000000000
1.400000000000000	0.120825000000000
1.401000000000000	0.155518000000000
1.402000000000000	0.112451000000000
1.403000000000000	0.108862000000000
1.404000000000000	0.100488000000000
1.405000000000000	0.129199000000000
1.406000000000000	0.144751000000000
1.407000000000000	0.076563000000000
1.408000000000000	0.122021000000000
1.409000000000000	0.108862000000000
1.410000000000000	0.124414000000000
1.411000000000000	0.133984000000000
1.412000000000000	0.199780000000000
1.413000000000000	0.191406000000000
1.414000000000000	0.238062000000000
1.415000000000000	0.246436000000000
1.416000000000000	0.314624000000000
1.417000000000000	0.356494000000000
1.418000000000000	0.418701000000000
1.419000000000000	0.430664000000000
1.420000000000000	0.467749000000000
1.421000000000000	0.517993000000000
1.422000000000000	0.506030000000000
1.423000000000000	0.564648000000000
1.424000000000000	0.610107000000000
1.425000000000000	0.642407000000000
1.426000000000000	0.640015000000000
1.427000000000000	0.689063000000000
1.428000000000000	0.740503000000000
1.429000000000000	0.782373000000000
1.430000000000000	0.794336000000000
1.431000000000000	0.833813000000000
1.432000000000000	0.905591000000000
1.433000000000000	0.977368000000000
1.434000000000000	0.986938000000000
1.435000000000000	1.031201000000000
1.436000000000000	1.057520000000000
1.437000000000000	1.085034000000000
1.438000000000000	1.099390000000000
1.439000000000000	1.161597000000000
1.440000000000000	1.165186000000000
1.441000000000000	1.177148000000000
1.442000000000000	1.158008000000000
1.443000000000000	1.186719000000000
1.444000000000000	1.238159000000000
1.445000000000000	1.268066000000000
1.446000000000000	1.268066000000000
1.447000000000000	1.281226000000000
1.448000000000000	1.315918000000000
1.449000000000000	1.339844000000000
1.450000000000000	1.357788000000000
1.451000000000000	1.404443000000000
1.452000000000000	1.402051000000000
1.453000000000000	1.437939000000000
1.454000000000000	1.417603000000000
1.455000000000000	1.440332000000000
1.456000000000000	1.410425000000000
1.457000000000000	1.417603000000000
1.458000000000000	1.399658000000000
1.459000000000000	1.405640000000000
1.460000000000000	1.410425000000000
1.461000000000000	1.408032000000000
1.462000000000000	1.404443000000000
1.463000000000000	1.403247000000000
1.464000000000000	1.394873000000000
1.465000000000000	1.398462000000000
1.466000000000000	1.387695000000000
1.467000000000000	1.374536000000000
1.468000000000000	1.384106000000000
1.469000000000000	1.374536000000000
1.470000000000000	1.333862000000000
1.471000000000000	1.337451000000000
1.472000000000000	1.321899000000000
1.473000000000000	1.300366000000000
1.474000000000000	1.253711000000000
1.475000000000000	1.250122000000000
1.476000000000000	1.217822000000000
1.477000000000000	1.177148000000000
1.478000000000000	1.169971000000000
1.479000000000000	1.162793000000000
1.480000000000000	1.142456000000000
1.481000000000000	1.081445000000000
1.482000000000000	1.082642000000000
1.483000000000000	1.069482000000000
1.484000000000000	1.056323000000000
1.485000000000000	1.041968000000000
1.486000000000000	1.008472000000000
1.487000000000000	0.978564000000000
1.488000000000000	1.003687000000000
1.489000000000000	0.967798000000000
1.490000000000000	0.903198000000000
1.491000000000000	0.890039000000000
1.492000000000000	0.878076000000000
1.493000000000000	0.823047000000000
1.494000000000000	0.836206000000000
1.495000000000000	0.782373000000000
1.496000000000000	0.815869000000000
1.497000000000000	0.794336000000000
1.498000000000000	0.801514000000000
1.499000000000000	0.744092000000000
1.500000000000000	0.730933000000000
1.501000000000000	0.717773000000000
1.502000000000000	0.715381000000000
1.503000000000000	0.707007000000000
1.504000000000000	0.659155000000000
1.505000000000000	0.689063000000000
1.506000000000000	0.665137000000000
1.507000000000000	0.648389000000000
1.508000000000000	0.624463000000000
1.509000000000000	0.618481000000000
1.510000000000000	0.592163000000000
1.511000000000000	0.557471000000000
1.512000000000000	0.575415000000000
1.513000000000000	0.570630000000000
1.514000000000000	0.537134000000000
1.515000000000000	0.547900000000000
1.516000000000000	0.584985000000000
1.517000000000000	0.586182000000000
1.518000000000000	0.528760000000000
1.519000000000000	0.558667000000000
1.520000000000000	0.528760000000000
1.521000000000000	0.529956000000000
1.522000000000000	0.527563000000000
1.523000000000000	0.525171000000000
1.524000000000000	0.490479000000000
1.525000000000000	0.476123000000000
1.526000000000000	0.490479000000000
1.527000000000000	0.462964000000000
1.528000000000000	0.468945000000000
1.529000000000000	0.494067000000000
1.530000000000000	0.476123000000000
1.531000000000000	0.449805000000000
1.532000000000000	0.459375000000000
1.533000000000000	0.468945000000000
1.534000000000000	0.482104000000000
1.535000000000000	0.442627000000000
1.536000000000000	0.483301000000000
1.537000000000000	0.447412000000000
1.538000000000000	0.430664000000000
1.539000000000000	0.436646000000000
1.540000000000000	0.434253000000000
1.541000000000000	0.403149000000000
1.542000000000000	0.415112000000000
1.543000000000000	0.391187000000000
1.544000000000000	0.401953000000000
1.545000000000000	0.400757000000000
1.546000000000000	0.404346000000000
1.547000000000000	0.394775000000000
1.548000000000000	0.387598000000000
1.549000000000000	0.394775000000000
1.550000000000000	0.424683000000000
1.551000000000000	0.388794000000000
1.552000000000000	0.399561000000000
1.553000000000000	0.416309000000000
1.554000000000000	0.399561000000000
1.555000000000000	0.406738000000000
1.556000000000000	0.388794000000000
1.557000000000000	0.361279000000000
1.558000000000000	0.370850000000000
1.559000000000000	0.327783000000000
1.560000000000000	0.318213000000000
1.561000000000000	0.349316000000000
1.562000000000000	0.356494000000000
1.563000000000000	0.319409000000000
1.564000000000000	0.302661000000000
1.565000000000000	0.300269000000000
1.566000000000000	0.332568000000000
1.567000000000000	0.294287000000000
1.568000000000000	0.317017000000000
1.569000000000000	0.279932000000000
1.570000000000000	0.296680000000000
1.571000000000000	0.288306000000000
1.572000000000000	0.258398000000000
1.573000000000000	0.251221000000000
1.574000000000000	0.240454000000000
1.575000000000000	0.250024000000000
1.576000000000000	0.173462000000000
1.577000000000000	0.169873000000000
1.578000000000000	0.178247000000000
1.579000000000000	0.192603000000000
1.580000000000000	0.149536000000000
1.581000000000000	0.159106000000000
1.582000000000000	0.157910000000000
1.583000000000000	0.189014000000000
1.584000000000000	0.171069000000000
1.585000000000000	0.187817000000000
1.586000000000000	0.144751000000000
1.587000000000000	0.154321000000000
1.588000000000000	0.119629000000000
1.589000000000000	0.102881000000000
1.590000000000000	0.143555000000000
1.591000000000000	0.094507000000000
1.592000000000000	0.063403000000000
1.593000000000000	0.084937000000000
1.594000000000000	0.049048000000000
1.595000000000000	0.052637000000000
1.596000000000000	0.064600000000000
1.597000000000000	0.046655000000000
1.598000000000000	0.050244000000000
1.599000000000000	0.055029000000000
1.600000000000000	0.047852000000000
1.601000000000000	0.083740000000000
1.602000000000000	0.088525000000000
1.603000000000000	0.051440000000000
1.604000000000000	0.047852000000000
1.605000000000000	0.008374000000000
1.606000000000000	0.013159000000000
1.607000000000000	0.022729000000000
1.608000000000000	0.011963000000000
1.609000000000000	0.001196000000000
1.610000000000000	0.007178000000000
1.611000000000000	0.000000000000000
1.612000000000000	0.000000000000000
1.613000000000000	0.000000000000000
1.614000000000000	0.003589000000000
1.615000000000000	0.000000000000000
1.616000000000000	0.013159000000000
1.617000000000000	0.016748000000000
1.618000000000000	0.000000000000000
1.619000000000000	0.000000000000000
1.620000000000000	0.000000000000000
1.621000000000000	0.038281000000000
1.622000000000000	0.004785000000000
1.623000000000000	0.023926000000000
1.624000000000000	0.000000000000000
1.625000000000000	0.000000000000000
1.626000000000000	0.000000000000000
1.627000000000000	0.000000000000000
1.628000000000000	0.000000000000000
1.629000000000000	0.000000000000000
1.630000000000000	0.000000000000000
1.631000000000000	0.000000000000000
1.632000000000000	0.000000000000000
1.633000000000000	0.000000000000000
1.634000000000000	0.011963000000000
1.635000000000000	0.008374000000000
1.636000000000000	0.000000000000000
1.637000000000000	0.000000000000000
1.638000000000000	0.000000000000000
1.639000000000000	0.014355000000000
1.640000000000000	0.019141000000000
1.641000000000000	0.000000000000000
1.642000000000000	0.000000000000000
1.643000000000000	0.000000000000000
1.644000000000000	0.000000000000000
1.645000000000000	0.000000000000000
1.646000000000000	0.000000000000000
1.647000000000000	0.000000000000000
1.648000000000000	0.000000000000000
1.649000000000000	0.000000000000000
1.650000000000000	0.044263000000000
1.651000000000000	0.000000000000000
1.652000000000000	0.007178000000000
1.653000000000000	0.028711000000000
1.654000000000000	0.000000000000000
1.655000000000000	0.002393000000000
1.656000000000000	0.004785000000000
1.657000000000000	0.000000000000000
1.658000000000000	0.000000000000000
1.659000000000000	0.000000000000000
1.660000000000000	0.000000000000000
1.661000000000000	0.000000000000000
1.662000000000000	0.000000000000000
1.663000000000000	0.000000000000000
1.664000000000000	0.000000000000000
1.665000000000000	0.000000000000000
1.666000000000000	0.016748000000000
1.667000000000000	0.026318000000000
1.668000000000000	0.023926000000000
1.669000000000000	0.015552000000000
1.670000000000000	0.015552000000000
1.671000000000000	0.004785000000000
1.672000000000000	0.015552000000000
1.673000000000000	0.026318000000000
1.674000000000000	0.004785000000000
1.675000000000000	0.000000000000000
1.676000000000000	0.000000000000000
1.677000000000000	0.000000000000000
1.678000000000000	0.000000000000000
1.679000000000000	0.000000000000000
1.680000000000000	0.004785000000000
1.681000000000000	0.000000000000000
1.682000000000000	0.007178000000000
1.683000000000000	0.007178000000000
1.684000000000000	0.000000000000000
1.685000000000000	0.021533000000000
1.686000000000000	0.038281000000000
1.687000000000000	0.013159000000000
1.688000000000000	0.005981000000000
1.689000000000000	0.002393000000000
1.690000000000000	0.000000000000000
1.691000000000000	0.007178000000000
1.692000000000000	0.000000000000000
1.693000000000000	0.000000000000000
1.694000000000000	0.000000000000000
1.695000000000000	0.000000000000000
1.696000000000000	0.000000000000000
1.697000000000000	0.000000000000000
1.698000000000000	0.000000000000000
1.699000000000000	0.009570000000000
1.700000000000000	0.019141000000000
1.701000000000000	0.014355000000000
1.702000000000000	0.016748000000000
1.703000000000000	0.000000000000000
1.704000000000000	0.013159000000000
1.705000000000000	0.019141000000000
1.706000000000000	0.011963000000000
1.707000000000000	0.000000000000000
1.708000000000000	0.000000000000000
1.709000000000000	0.000000000000000
1.710000000000000	0.000000000000000
1.711000000000000	0.000000000000000
1.712000000000000	0.000000000000000
1.713000000000000	0.000000000000000
1.714000000000000	0.000000000000000
1.715000000000000	0.000000000000000
1.716000000000000	0.010767000000000
1.717000000000000	0.004785000000000
1.718000000000000	0.035889000000000
1.719000000000000	0.022729000000000
1.720000000000000	0.028711000000000
1.721000000000000	0.000000000000000
1.722000000000000	0.013159000000000
1.723000000000000	0.004785000000000
1.724000000000000	0.002393000000000
1.725000000000000	0.000000000000000
1.726000000000000	0.000000000000000
1.727000000000000	0.000000000000000
1.728000000000000	0.005981000000000
1.729000000000000	0.000000000000000
1.730000000000000	0.001196000000000
1.731000000000000	0.000000000000000
1.732000000000000	0.000000000000000
1.733000000000000	0.004785000000000
1.734000000000000	0.034692000000000
1.735000000000000	0.016748000000000
1.736000000000000	0.013159000000000
1.737000000000000	0.016748000000000
1.738000000000000	0.031104000000000
1.739000000000000	0.008374000000000
1.740000000000000	0.021533000000000
1.741000000000000	0.000000000000000
1.742000000000000	0.000000000000000
1.743000000000000	0.000000000000000
1.744000000000000	0.001196000000000
1.745000000000000	0.000000000000000
1.746000000000000	0.002393000000000
1.747000000000000	0.000000000000000
1.748000000000000	0.000000000000000
1.749000000000000	0.000000000000000
1.750000000000000	0.000000000000000
1.751000000000000	0.046655000000000
1.752000000000000	0.000000000000000
1.753000000000000	0.000000000000000
1.754000000000000	0.009570000000000
1.755000000000000	0.019141000000000
1.756000000000000	0.000000000000000
1.757000000000000	0.016748000000000
1.758000000000000	0.000000000000000
1.759000000000000	0.000000000000000
1.760000000000000	0.000000000000000
1.761000000000000	0.000000000000000
1.762000000000000	0.011963000000000
1.763000000000000	0.000000000000000
1.764000000000000	0.000000000000000
1.765000000000000	0.001196000000000
1.766000000000000	0.001196000000000
1.767000000000000	0.000000000000000
1.768000000000000	0.013159000000000
1.769000000000000	0.049048000000000
1.770000000000000	0.047852000000000
1.771000000000000	0.000000000000000
1.772000000000000	0.011963000000000
1.773000000000000	0.003589000000000
1.774000000000000	0.013159000000000
1.775000000000000	0.000000000000000
1.776000000000000	0.000000000000000
1.777000000000000	0.000000000000000
1.778000000000000	0.000000000000000
1.779000000000000	0.000000000000000
1.780000000000000	0.009570000000000
1.781000000000000	0.000000000000000
1.782000000000000	0.000000000000000
1.783000000000000	0.014355000000000
1.784000000000000	0.055029000000000
1.785000000000000	0.010767000000000
1.786000000000000	0.033496000000000
1.787000000000000	0.000000000000000
1.788000000000000	0.032300000000000
1.789000000000000	0.000000000000000
1.790000000000000	0.009570000000000
1.791000000000000	0.003589000000000
1.792000000000000	0.000000000000000
1.793000000000000	0.000000000000000
1.794000000000000	0.003589000000000
1.795000000000000	0.000000000000000
1.796000000000000	0.000000000000000
1.797000000000000	0.000000000000000
1.798000000000000	0.003589000000000
1.799000000000000	0.000000000000000
1.800000000000000	0.011963000000000
1.801000000000000	0.023926000000000
1.802000000000000	0.011963000000000
1.803000000000000	0.023926000000000
1.804000000000000	0.000000000000000
1.805000000000000	0.015552000000000
1.806000000000000	0.025122000000000
1.807000000000000	0.011963000000000
1.808000000000000	0.000000000000000
1.809000000000000	0.000000000000000
1.810000000000000	0.000000000000000
1.811000000000000	0.000000000000000
1.812000000000000	0.000000000000000
1.813000000000000	0.000000000000000
1.814000000000000	0.003589000000000
1.815000000000000	0.002393000000000
1.816000000000000	0.009570000000000
1.817000000000000	0.007178000000000
1.818000000000000	0.014355000000000
1.819000000000000	0.034692000000000
1.820000000000000	0.007178000000000
1.821000000000000	0.000000000000000
1.822000000000000	0.015552000000000
1.823000000000000	0.019141000000000
1.824000000000000	0.000000000000000
1.825000000000000	0.000000000000000
1.826000000000000	0.000000000000000
1.827000000000000	0.003589000000000
1.828000000000000	0.000000000000000
1.829000000000000	0.023926000000000
1.830000000000000	0.000000000000000
1.831000000000000	0.000000000000000
1.832000000000000	0.019141000000000
1.833000000000000	0.025122000000000
1.834000000000000	0.033496000000000
1.835000000000000	0.003589000000000
1.836000000000000	0.016748000000000
1.837000000000000	0.007178000000000
1.838000000000000	0.000000000000000
1.839000000000000	0.000000000000000
1.840000000000000	0.010767000000000
1.841000000000000	0.000000000000000
1.842000000000000	0.000000000000000
1.843000000000000	0.000000000000000
1.844000000000000	0.000000000000000
1.845000000000000	0.000000000000000
1.846000000000000	0.000000000000000
1.847000000000000	0.010767000000000
1.848000000000000	0.000000000000000
1.849000000000000	0.000000000000000
1.850000000000000	0.022729000000000
1.851000000000000	0.022729000000000
1.852000000000000	0.003589000000000
1.853000000000000	0.002393000000000
1.854000000000000	0.029907000000000
1.855000000000000	0.023926000000000
1.856000000000000	0.038281000000000
1.857000000000000	0.017944000000000
1.858000000000000	0.000000000000000
1.859000000000000	0.000000000000000
1.860000000000000	0.004785000000000
1.861000000000000	0.000000000000000
1.862000000000000	0.000000000000000
1.863000000000000	0.000000000000000
1.864000000000000	0.000000000000000
1.865000000000000	0.000000000000000
1.866000000000000	0.000000000000000
1.867000000000000	0.019141000000000
1.868000000000000	0.003589000000000
1.869000000000000	0.014355000000000
1.870000000000000	0.033496000000000
1.871000000000000	0.023926000000000
1.872000000000000	0.020337000000000
1.873000000000000	0.010767000000000
1.874000000000000	0.011963000000000
1.875000000000000	0.000000000000000
1.876000000000000	0.000000000000000
1.877000000000000	0.000000000000000
1.878000000000000	0.000000000000000
1.879000000000000	0.013159000000000
1.880000000000000	0.000000000000000
1.881000000000000	0.000000000000000
1.882000000000000	0.000000000000000
1.883000000000000	0.000000000000000
1.884000000000000	0.013159000000000
1.885000000000000	0.000000000000000
1.886000000000000	0.050244000000000
1.887000000000000	0.009570000000000
1.888000000000000	0.000000000000000
1.889000000000000	0.020337000000000
1.890000000000000	0.015552000000000
1.891000000000000	0.001196000000000
1.892000000000000	0.000000000000000
1.893000000000000	0.000000000000000
1.894000000000000	0.009570000000000
1.895000000000000	0.005981000000000
1.896000000000000	0.000000000000000
1.897000000000000	0.000000000000000
1.898000000000000	0.017944000000000
1.899000000000000	0.038281000000000
1.900000000000000	0.005981000000000
1.901000000000000	0.011963000000000
1.902000000000000	0.000000000000000
1.903000000000000	0.010767000000000
1.904000000000000	0.008374000000000
1.905000000000000	0.004785000000000
1.906000000000000	0.008374000000000
1.907000000000000	0.016748000000000
1.908000000000000	0.000000000000000
1.909000000000000	0.000000000000000
1.910000000000000	0.000000000000000
1.911000000000000	0.000000000000000
1.912000000000000	0.000000000000000
1.913000000000000	0.000000000000000
1.914000000000000	0.000000000000000
1.915000000000000	0.000000000000000
1.916000000000000	0.002393000000000
1.917000000000000	0.005981000000000
1.918000000000000	0.014355000000000
1.919000000000000	0.017944000000000
1.920000000000000	0.019141000000000
1.921000000000000	0.000000000000000
1.922000000000000	0.000000000000000
1.923000000000000	0.000000000000000
1.924000000000000	0.007178000000000
1.925000000000000	0.000000000000000
1.926000000000000	0.000000000000000
1.927000000000000	0.000000000000000
1.928000000000000	0.000000000000000
1.929000000000000	0.007178000000000
1.930000000000000	0.000000000000000
1.931000000000000	0.000000000000000
1.932000000000000	0.022729000000000
1.933000000000000	0.014355000000000
1.934000000000000	0.005981000000000
1.935000000000000	0.002393000000000
1.936000000000000	0.002393000000000
1.937000000000000	0.003589000000000
1.938000000000000	0.002393000000000
1.939000000000000	0.004785000000000
1.940000000000000	0.005981000000000
1.941000000000000	0.000000000000000
1.942000000000000	0.000000000000000
1.943000000000000	0.000000000000000
1.944000000000000	0.000000000000000
1.945000000000000	0.000000000000000
1.946000000000000	0.000000000000000
1.947000000000000	0.000000000000000
1.948000000000000	0.000000000000000
1.949000000000000	0.002393000000000
1.950000000000000	0.000000000000000
1.951000000000000	0.029907000000000
1.952000000000000	0.003589000000000
1.953000000000000	0.022729000000000
1.954000000000000	0.000000000000000
1.955000000000000	0.014355000000000
1.956000000000000	0.000000000000000
1.957000000000000	0.020337000000000
1.958000000000000	0.000000000000000
1.959000000000000	0.000000000000000
1.960000000000000	0.000000000000000
1.961000000000000	0.000000000000000
1.962000000000000	0.000000000000000
1.963000000000000	0.000000000000000
1.964000000000000	0.000000000000000
1.965000000000000	0.000000000000000
1.966000000000000	0.000000000000000
1.967000000000000	0.003589000000000
1.968000000000000	0.013159000000000
1.969000000000000	0.017944000000000
1.970000000000000	0.023926000000000
1.971000000000000	0.025122000000000
1.972000000000000	0.014355000000000
1.973000000000000	0.000000000000000
1.974000000000000	0.000000000000000
1.975000000000000	0.000000000000000
1.976000000000000	0.000000000000000
1.977000000000000	0.000000000000000
1.978000000000000	0.000000000000000
1.979000000000000	0.008374000000000
1.980000000000000	0.000000000000000
1.981000000000000	0.000000000000000
1.982000000000000	0.019141000000000
1.983000000000000	0.040674000000000
1.984000000000000	0.034692000000000
1.985000000000000	0.000000000000000
1.986000000000000	0.011963000000000
1.987000000000000	0.000000000000000
1.988000000000000	0.010767000000000
1.989000000000000	0.023926000000000
1.990000000000000	0.023926000000000
1.991000000000000	0.001196000000000
1.992000000000000	0.000000000000000
1.993000000000000	0.000000000000000
1.994000000000000	0.000000000000000
1.995000000000000	0.000000000000000
1.996000000000000	0.005981000000000
1.997000000000000	0.002393000000000
1.998000000000000	0.005981000000000
1.999000000000000	0.000000000000000
2.000000000000000	0.000000000000000