Force produced by a submaximally-activated cat soleus muscle in vivo while
applying length changes of maximum amplitude 1.0 mm and a constant-frequency
stimulation signal of 30 Hz. Experimental data was provided by T.G. Sandercock
[1]. Please refer to Millard et al. [2] for details.

References:
    1. Perreault, E.J., Heckman, C.J., and Sandercock, T.G., 2003. "Hill
       muscle model errors during movement are greatest within the
       physiologically relevant range of motor unit firing rates". Journal
       of Biomechanics, 36(2), pp. 211--218.
       http://dx.doi.org/10.1016/S0021-9290(02)00332-9.
    2. Millard, M., Uchida, T., Seth, A., and Delp, S.L., 2013. "Flexing
       computational muscle: Modeling and simulation of musculotendon
       dynamics". ASME Journal of Biomechanical Engineering, 135(2),
       p. 021013 (11 pages). http://dx.doi.org/10.1115/1.4023390.

endheader
time_s	force_N
0.000000000000000	0.000000000000000
0.001000000000000	0.000000000000000
0.002000000000000	0.000000000000000
0.003000000000000	0.000000000000000
0.004000000000000	0.025122000000000
0.005000000000000	0.033496000000000
0.006000000000000	0.014355000000000
0.007000000000000	0.041870000000000
0.008000000000000	0.000000000000000
0.009000000000000	0.007178000000000
0.010000000000000	0.000000000000000
0.011000000000000	0.023926000000000
0.012000000000000	0.000000000000000
0.013000000000000	0.000000000000000
0.014000000000000	0.000000000000000
0.015000000000000	0.013159000000000
0.016000000000000	0.000000000000000
0.017000000000000	0.000000000000000
0.018000000000000	0.000000000000000
0.019000000000000	0.001196000000000
0.020000000000000	0.014355000000000
0.021000000000000	0.011963000000000
0.022000000000000	0.015552000000000
0.023000000000000	0.040674000000000
0.024000000000000	0.001196000000000
0.025000000000000	0.017944000000000
0.026000000000000	0.033496000000000
0.027000000000000	0.000000000000000
0.028000000000000	0.000000000000000
0.029000000000000	0.000000000000000
0.030000000000000	0.014355000000000
0.031000000000000	0.000000000000000
0.032000000000000	0.004785000000000
0.033000000000000	0.004785000000000
0.034000000000000	0.000000000000000
0.035000000000000	0.044263000000000
0.036000000000000	0.041870000000000
0.037000000000000	0.016748000000000
0.038000000000000	0.000000000000000
0.039000000000000	0.013159000000000
0.040000000000000	0.014355000000000
0.041000000000000	0.000000000000000
0.042000000000000	0.007178000000000
0.043000000000000	0.007178000000000
0.044000000000000	0.016748000000000
0.045000000000000	0.000000000000000
0.046000000000000	0.000000000000000
0.047000000000000	0.000000000000000
0.048000000000000	0.000000000000000
0.049000000000000	0.000000000000000
0.050000000000000	0.035889000000000
0.051000000000000	0.020337000000000
0.052000000000000	0.020337000000000
0.053000000000000	0.000000000000000
0.054000000000000	0.000000000000000
0.055000000000000	0.021533000000000
0.056000000000000	0.002393000000000
0.057000000000000	0.020337000000000
0.058000000000000	0.008374000000000
0.059000000000000	0.005981000000000
0.060000000000000	0.013159000000000
0.061000000000000	0.019141000000000
0.062000000000000	0.000000000000000
0.063000000000000	0.000000000000000
0.064000000000000	0.000000000000000
0.065000000000000	0.040674000000000
0.066000000000000	0.002393000000000
0.067000000000000	0.000000000000000
0.068000000000000	0.022729000000000
0.069000000000000	0.022729000000000
0.070000000000000	0.016748000000000
0.071000000000000	0.007178000000000
0.072000000000000	0.021533000000000
0.073000000000000	0.017944000000000
0.074000000000000	0.002393000000000
0.075000000000000	0.026318000000000
0.076000000000000	0.015552000000000
0.077000000000000	0.023926000000000
0.078000000000000	0.001196000000000
0.079000000000000	0.000000000000000
0.080000000000000	0.000000000000000
0.081000000000000	0.017944000000000
0.082000000000000	0.002393000000000
0.083000000000000	0.002393000000000
0.084000000000000	0.009570000000000
0.085000000000000	0.047852000000000
0.086000000000000	0.015552000000000
0.087000000000000	0.000000000000000
0.088000000000000	0.000000000000000
0.089000000000000	0.019141000000000
0.090000000000000	0.031104000000000
0.091000000000000	0.017944000000000
0.092000000000000	0.000000000000000
0.093000000000000	0.021533000000000
0.094000000000000	0.026318000000000
0.095000000000000	0.000000000000000
0.096000000000000	0.017944000000000
0.097000000000000	0.000000000000000
0.098000000000000	0.002393000000000
0.099000000000000	0.000000000000000
0.100000000000000	0.022729000000000
0.101000000000000	0.000000000000000
0.102000000000000	0.000000000000000
0.103000000000000	0.007178000000000
0.104000000000000	0.022729000000000
0.105000000000000	0.000000000000000
0.106000000000000	0.034692000000000
0.107000000000000	0.015552000000000
0.108000000000000	0.035889000000000
0.109000000000000	0.011963000000000
0.110000000000000	0.046655000000000
0.111000000000000	0.094507000000000
0.112000000000000	0.116040000000000
0.113000000000000	0.149536000000000
0.114000000000000	0.171069000000000
0.115000000000000	0.193799000000000
0.116000000000000	0.299072000000000
0.117000000000000	0.342139000000000
0.118000000000000	0.388794000000000
0.119000000000000	0.451001000000000
0.120000000000000	0.478516000000000
0.121000000000000	0.550293000000000
0.122000000000000	0.599341000000000
0.123000000000000	0.643604000000000
0.124000000000000	0.695044000000000
0.125000000000000	0.735718000000000
0.126000000000000	0.751270000000000
0.127000000000000	0.807495000000000
0.128000000000000	0.863721000000000
0.129000000000000	0.923535000000000
0.130000000000000	0.974976000000000
0.131000000000000	1.015649000000000
0.132000000000000	1.053931000000000
0.133000000000000	1.110156000000000
0.134000000000000	1.172363000000000
0.135000000000000	1.241748000000000
0.136000000000000	1.260889000000000
0.137000000000000	1.324292000000000
0.138000000000000	1.376929000000000
0.139000000000000	1.448706000000000
0.140000000000000	1.469043000000000
0.141000000000000	1.550391000000000
0.142000000000000	1.616187000000000
0.143000000000000	1.731030000000000
0.144000000000000	1.812378000000000
0.145000000000000	1.891333000000000
0.146000000000000	2.013354000000000
0.147000000000000	2.110254000000000
0.148000000000000	2.229883000000000
0.149000000000000	2.391382000000000
0.150000000000000	2.487085000000000
0.151000000000000	2.673706000000000
0.152000000000000	2.744287000000000
0.153000000000000	2.901001000000000
0.154000000000000	3.029004000000000
0.155000000000000	3.154614000000000
0.156000000000000	3.305347000000000
0.157000000000000	3.404639000000000
0.158000000000000	3.518286000000000
0.159000000000000	3.599634000000000
0.160000000000000	3.689355000000000
0.161000000000000	3.860425000000000
0.162000000000000	3.962109000000000
0.163000000000000	4.085327000000000
0.164000000000000	4.176245000000000
0.165000000000000	4.288696000000000
0.166000000000000	4.385596000000000
0.167000000000000	4.519580000000000
0.168000000000000	4.621265000000000
0.169000000000000	4.737305000000000
0.170000000000000	4.828223000000000
0.171000000000000	4.911963000000000
0.172000000000000	5.038770000000000
0.173000000000000	5.147632000000000
0.174000000000000	5.250513000000000
0.175000000000000	5.390479000000000
0.176000000000000	5.502930000000000
0.177000000000000	5.650073000000000
0.178000000000000	5.816357000000000
0.179000000000000	5.971875000000000
0.180000000000000	6.113037000000000
0.181000000000000	6.276929000000000
0.182000000000000	6.462354000000000
0.183000000000000	6.615479000000000
0.184000000000000	6.768604000000000
0.185000000000000	6.933691000000000
0.186000000000000	7.103564000000000
0.187000000000000	7.261475000000000
0.188000000000000	7.433740000000000
0.189000000000000	7.592847000000000
0.190000000000000	7.713672000000001
0.191000000000000	7.862012000000000
0.192000000000000	7.963696000000000
0.193000000000000	8.137157999999999
0.194000000000000	8.275928000000000
0.195000000000000	8.409912000000000
0.196000000000000	8.506812000000000
0.197000000000000	8.647974000000000
0.198000000000000	8.783154000000000
0.199000000000000	8.909960999999999
0.200000000000000	9.053516000000000
0.201000000000000	9.180322000000000
0.202000000000000	9.290381000000000
0.203000000000000	9.362158000000001
0.204000000000000	9.478198000000001
0.205000000000000	9.626538000000000
0.206000000000000	9.727026000000000
0.207000000000000	9.827515000000000
0.208000000000000	9.929199000000001
0.209000000000000	10.066772000000000
0.210000000000000	10.170850000000000
0.211000000000000	10.280908000000000
0.212000000000000	10.437621999999999
0.213000000000000	10.579980000000001
0.214000000000000	10.702002000000000
0.215000000000000	10.818042000000000
0.216000000000000	10.938867000000000
0.217000000000000	11.112329000000001
0.218000000000000	11.181713999999999
0.219000000000000	11.316895000000001
0.220000000000000	11.413793999999999
0.221000000000000	11.580078000000000
0.222000000000000	11.685352000000000
0.223000000000000	11.758324999999999
0.224000000000000	11.842064999999998
0.225000000000000	11.955712999999999
0.226000000000000	12.039453000000002
0.227000000000000	12.133960000000000
0.228000000000000	12.202147999999999
0.229000000000000	12.300243999999999
0.230000000000000	12.354076999999998
0.231000000000000	12.417479999999999
0.232000000000000	12.531127999999999
0.233000000000000	12.570605000000000
0.234000000000000	12.648364000000001
0.235000000000000	12.680664000000002
0.236000000000000	12.728516000000003
0.237000000000000	12.779956000000002
0.238000000000000	12.868480999999999
0.239000000000000	12.890015000000000
0.240000000000000	12.933081000000000
0.241000000000000	12.997681000000000
0.242000000000000	13.052710000000001
0.243000000000000	13.092188000000002
0.244000000000000	13.174731000000000
0.245000000000000	13.229760999999998
0.246000000000000	13.297948999999997
0.247000000000000	13.327856000000001
0.248000000000000	13.435522000000001
0.249000000000000	13.502515000000001
0.250000000000000	13.549170000000000
0.251000000000000	13.632910000000001
0.252000000000000	13.681958000000000
0.253000000000000	13.735791000000003
0.254000000000000	13.776465000000000
0.255000000000000	13.781250000000000
0.256000000000000	13.808764999999998
0.257000000000000	13.835082999999999
0.258000000000000	13.812353999999999
0.259000000000000	13.808764999999998
0.260000000000000	13.817138999999999
0.261000000000000	13.781250000000000
0.262000000000000	13.763306000000002
0.263000000000000	13.732201999999997
0.264000000000000	13.723828000000001
0.265000000000000	13.704688000000003
0.266000000000000	13.677173000000000
0.267000000000000	13.648462000000000
0.268000000000000	13.626929000000001
0.269000000000000	13.608984000000000
0.270000000000000	13.533618000000001
0.271000000000000	13.550366000000000
0.272000000000000	13.524048000000001
0.273000000000000	13.472607000000000
0.274000000000000	13.437914999999998
0.275000000000000	13.449878000000000
0.276000000000000	13.391260000000001
0.277000000000000	13.419971000000000
0.278000000000000	13.393651999999999
0.279000000000000	13.375707999999999
0.280000000000000	13.346997000000000
0.281000000000000	13.332642000000000
0.282000000000000	13.326660000000000
0.283000000000000	13.326660000000000
0.284000000000000	13.311108000000001
0.285000000000000	13.313501000000000
0.286000000000000	13.276415999999999
0.287000000000000	13.277612000000000
0.288000000000000	13.224976000000000
0.289000000000000	13.218994000000000
0.290000000000000	13.192676000000002
0.291000000000000	13.180713000000001
0.292000000000000	13.119702000000000
0.293000000000000	13.104150000000001
0.294000000000000	13.046728999999999
0.295000000000000	13.033569000000000
0.296000000000000	12.986914000000002
0.297000000000000	12.971361999999999
0.298000000000000	12.946240000000001
0.299000000000000	12.934277000000000
0.300000000000000	12.864892999999999
0.301000000000000	12.838573999999999
0.302000000000000	12.787134000000002
0.303000000000000	12.778760000000000
0.304000000000000	12.740479000000001
0.305000000000000	12.762012000000000
0.306000000000000	12.720141999999999
0.307000000000000	12.710571000000002
0.308000000000000	12.702197000000000
0.309000000000000	12.684253000000000
0.310000000000000	12.662720000000000
0.311000000000000	12.718944999999998
0.312000000000000	12.702197000000000
0.313000000000000	12.724926999999997
0.314000000000000	12.739282000000001
0.315000000000000	12.728516000000003
0.316000000000000	12.791919000000000
0.317000000000000	12.782349000000000
0.318000000000000	12.796703999999998
0.319000000000000	12.813452000000000
0.320000000000000	12.836181999999999
0.321000000000000	12.831396000000000
0.322000000000000	12.886426000000002
0.323000000000000	12.895995999999998
0.324000000000000	12.884033000000001
0.325000000000000	12.909155000000000
0.326000000000000	12.937866000000000
0.327000000000000	12.935473999999999
0.328000000000000	12.985718000000002
0.329000000000000	12.976147000000001
0.330000000000000	13.018018000000000
0.331000000000000	13.044335999999999
0.332000000000000	13.039550999999999
0.333000000000000	13.076636000000001
0.334000000000000	13.095775999999999
0.335000000000000	13.129272000000000
0.336000000000000	13.156787000000000
0.337000000000000	13.198657000000001
0.338000000000000	13.251294000000001
0.339000000000000	13.265649000000000
0.340000000000000	13.302733999999999
0.341000000000000	13.329053000000002
0.342000000000000	13.388867000000001
0.343000000000000	13.454663000000000
0.344000000000000	13.545581000000000
0.345000000000000	13.644872999999999
0.346000000000000	13.722632000000001
0.347000000000000	13.759717000000000
0.348000000000000	13.832689999999998
0.349000000000000	13.930786000000001
0.350000000000000	14.030078000000001
0.351000000000000	14.100659000000002
0.352000000000000	14.173633000000001
0.353000000000000	14.281299000000001
0.354000000000000	14.368627999999999
0.355000000000000	14.423657000000000
0.356000000000000	14.543286000000002
0.357000000000000	14.641382000000002
0.358000000000000	14.686840999999998
0.359000000000000	14.764600000000000
0.360000000000000	14.851929000000000
0.361000000000000	14.926099000000002
0.362000000000000	15.027782999999999
0.363000000000000	15.051709000000001
0.364000000000000	15.136646000000001
0.365000000000000	15.231152000000000
0.366000000000000	15.252686000000001
0.367000000000000	15.345996000000000
0.368000000000000	15.439306999999999
0.369000000000000	15.497925000000002
0.370000000000000	15.591234999999999
0.371000000000000	15.688135000000001
0.372000000000000	15.741967999999998
0.373000000000000	15.908251999999999
0.374000000000000	16.001563000000001
0.375000000000000	16.108032000000001
0.376000000000000	16.251587000000001
0.377000000000000	16.353270999999999
0.378000000000000	16.478881999999999
0.379000000000000	16.573388999999999
0.380000000000000	16.682251000000001
0.381000000000000	16.769580000000001
0.382000000000000	16.897583000000001
0.383000000000000	16.965771000000000
0.384000000000000	17.055492999999998
0.385000000000000	17.085400000000000
0.386000000000000	17.196655000000000
0.387000000000000	17.275610000000000
0.388000000000000	17.350977000000000
0.389000000000000	17.420361000000000
0.390000000000000	17.481372000000000
0.391000000000000	17.544775000000001
0.392000000000000	17.577075000000001
0.393000000000000	17.652441000000000
0.394000000000000	17.711060000000000
0.395000000000000	17.732593000000001
0.396000000000000	17.806763000000000
0.397000000000000	17.819921999999998
0.398000000000000	17.864184999999999
0.399000000000000	17.925194999999999
0.400000000000000	18.008935999999999
0.401000000000000	18.079516999999999
0.402000000000000	18.121386999999999
0.403000000000000	18.191967999999999
0.404000000000000	18.243407999999999
0.405000000000000	18.298438000000001
0.406000000000000	18.413281000000001
0.407000000000000	18.476685000000000
0.408000000000000	18.573584000000000
0.409000000000000	18.634595000000001
0.410000000000000	18.702783000000000
0.411000000000000	18.822412000000000
0.412000000000000	18.921703999999998
0.413000000000000	18.976732999999999
0.414000000000000	19.092773000000001
0.415000000000000	19.175317000000000
0.416000000000000	19.277002000000000
0.417000000000000	19.364331000000000
0.418000000000000	19.456444999999999
0.419000000000000	19.558129999999998
0.420000000000000	19.649048000000001
0.421000000000000	19.722021000000002
0.422000000000000	19.842846999999999
0.423000000000000	19.920604999999998
0.424000000000000	19.999561000000000
0.425000000000000	20.062964000000001
0.426000000000000	20.157471000000001
0.427000000000000	20.228052000000002
0.428000000000000	20.251978000000001
0.429000000000000	20.312988000000001
0.430000000000000	20.411083999999999
0.431000000000000	20.449365000000000
0.432000000000000	20.470897999999998
0.433000000000000	20.530712999999999
0.434000000000000	20.589331000000001
0.435000000000000	20.622827000000001
0.436000000000000	20.625219999999999
0.437000000000000	20.635985999999999
0.438000000000000	20.665894000000002
0.439000000000000	20.718530000000001
0.440000000000000	20.740062999999999
0.441000000000000	20.734082000000001
0.442000000000000	20.741260000000000
0.443000000000000	20.785522000000000
0.444000000000000	20.768774000000001
0.445000000000000	20.811841000000001
0.446000000000000	20.856103999999998
0.447000000000000	20.859691999999999
0.448000000000000	20.889600000000002
0.449000000000000	20.880029000000000
0.450000000000000	20.920703000000000
0.451000000000000	20.874047999999998
0.452000000000000	20.874047999999998
0.453000000000000	20.924292000000001
0.454000000000000	20.915918000000001
0.455000000000000	20.907544000000001
0.456000000000000	20.900366000000002
0.457000000000000	20.870459000000000
0.458000000000000	20.838159000000001
0.459000000000000	20.809448000000000
0.460000000000000	20.786719000000002
0.461000000000000	20.769971000000002
0.462000000000000	20.718530000000001
0.463000000000000	20.671875000000000
0.464000000000000	20.626415999999999
0.465000000000000	20.578564000000000
0.466000000000000	20.525928000000000
0.467000000000000	20.474487000000000
0.468000000000000	20.390747000000001
0.469000000000000	20.341698999999998
0.470000000000000	20.293848000000001
0.471000000000000	20.207715000000000
0.472000000000000	20.165845000000001
0.473000000000000	20.108422999999998
0.474000000000000	20.036646000000001
0.475000000000000	19.998363999999999
0.476000000000000	19.945727999999999
0.477000000000000	19.908643000000001
0.478000000000000	19.902660999999998
0.479000000000000	19.821313000000000
0.480000000000000	19.800977000000000
0.481000000000000	19.753125000000001
0.482000000000000	19.719629000000001
0.483000000000000	19.707666000000000
0.484000000000000	19.669384999999998
0.485000000000000	19.595215000000000
0.486000000000000	19.543773999999999
0.487000000000000	19.431322999999999
0.488000000000000	19.342797999999998
0.489000000000000	19.206420999999999
0.490000000000000	19.105933000000000
0.491000000000000	18.958788999999999
0.492000000000000	18.866675000000001
0.493000000000000	18.677661000000001
0.494000000000000	18.546068999999999
0.495000000000000	18.425243999999999
0.496000000000000	18.267334000000002
0.497000000000000	18.101050000000001
0.498000000000000	17.985009999999999
0.499000000000000	17.846240000000002
0.500000000000000	17.755322000000000
0.501000000000000	17.599805000000000
0.502000000000000	17.474194000000001
0.503000000000000	17.317480000000000
0.504000000000000	17.224170000000001
0.505000000000000	17.096167000000001
0.506000000000000	16.951415999999998
0.507000000000000	16.827002000000000
0.508000000000000	16.657129000000001
0.509000000000000	16.563818000000001
0.510000000000000	16.463329999999999
0.511000000000000	16.368822999999999
0.512000000000000	16.207324000000000
0.513000000000000	16.155884000000000
0.514000000000000	16.039843999999999
0.515000000000000	15.942943999999999
0.516000000000000	15.838867000000000
0.517000000000000	15.783837999999999
0.518000000000000	15.654639000000001
0.519000000000000	15.582860999999999
0.520000000000000	15.477587999999999
0.521000000000000	15.361548000000003
0.522000000000000	15.244312000000001
0.523000000000000	15.182104000000001
0.524000000000000	15.066063999999999
0.525000000000000	14.983521000000001
0.526000000000000	14.903369000000000
0.527000000000000	14.816039999999997
0.528000000000000	14.695214999999999
0.529000000000000	14.581566999999998
0.530000000000000	14.499022999999999
0.531000000000000	14.415282999999999
0.532000000000000	14.362646000000000
0.533000000000000	14.290869000000001
0.534000000000000	14.180811000000000
0.535000000000000	14.093481000000001
0.536000000000000	14.056395999999999
0.537000000000000	13.972656000000002
0.538000000000000	13.908056999999998
0.539000000000000	13.876953000000000
0.540000000000000	13.797998000000000
0.541000000000000	13.741771999999999
0.542000000000000	13.721436000000001
0.543000000000000	13.685547000000000
0.544000000000000	13.653247000000000
0.545000000000000	13.642480000000001
0.546000000000000	13.606591999999999
0.547000000000000	13.576684999999999
0.548000000000000	13.571899000000000
0.549000000000000	13.567113999999998
0.550000000000000	13.546777000000001
0.551000000000000	13.561133000000000
0.552000000000000	13.556348000000000
0.553000000000000	13.507299999999999
0.554000000000000	13.533618000000001
0.555000000000000	13.530029000000003
0.556000000000000	13.544384999999998
0.557000000000000	13.513280999999999
0.558000000000000	13.513280999999999
0.559000000000000	13.528833000000002
0.560000000000000	13.492944000000000
0.561000000000000	13.512085000000001
0.562000000000000	13.508495999999999
0.563000000000000	13.508495999999999
0.564000000000000	13.527637000000002
0.565000000000000	13.532422000000000
0.566000000000000	13.519263000000000
0.567000000000000	13.516870000000001
0.568000000000000	13.574291999999998
0.569000000000000	13.571899000000000
0.570000000000000	13.598217999999999
0.571000000000000	13.603002999999998
0.572000000000000	13.600610000000000
0.573000000000000	13.629320999999999
0.574000000000000	13.656836000000000
0.575000000000000	13.691528000000000
0.576000000000000	13.728612999999999
0.577000000000000	13.797998000000000
0.578000000000000	13.870972000000002
0.579000000000000	13.893701000000002
0.580000000000000	13.924804999999999
0.581000000000000	13.992993000000000
0.582000000000000	14.044434000000001
0.583000000000000	14.137743999999998
0.584000000000000	14.182007000000000
0.585000000000000	14.226270000000000
0.586000000000000	14.295654000000001
0.587000000000000	14.366235000000001
0.588000000000000	14.427246000000000
0.589000000000000	14.507396999999999
0.590000000000000	14.536108000000002
0.591000000000000	14.600708000000001
0.592000000000000	14.649756000000002
0.593000000000000	14.690429999999999
0.594000000000000	14.732300000000000
0.595000000000000	14.824414000000001
0.596000000000000	14.851929000000000
0.597000000000000	14.928490999999999
0.598000000000000	14.910546999999999
0.599000000000000	14.997876000000000
0.600000000000000	15.073242000000000
0.601000000000000	15.142627000000001
0.602000000000000	15.162963999999999
0.603000000000000	15.204834000000000
0.604000000000000	15.287378000000000
0.605000000000000	15.319678000000001
0.606000000000000	15.385474000000000
0.607000000000000	15.469213999999999
0.608000000000000	15.508691000000001
0.609000000000000	15.582860999999999
0.610000000000000	15.678564000000000
0.611000000000000	15.737183000000000
0.612000000000000	15.768286000000000
0.613000000000000	15.855615000000002
0.614000000000000	15.963281000000002
0.615000000000000	16.008740000000000
0.616000000000000	16.086499000000000
0.617000000000000	16.163062000000000
0.618000000000000	16.236035000000001
0.619000000000000	16.249193999999999
0.620000000000000	16.314990000000002
0.621000000000000	16.370020000000000
0.622000000000000	16.425049000000001
0.623000000000000	16.492041000000000
0.624000000000000	16.509985000000000
0.625000000000000	16.505199999999999
0.626000000000000	16.618848000000000
0.627000000000000	16.643969999999999
0.628000000000000	16.695409999999999
0.629000000000000	16.743262000000001
0.630000000000000	16.762402000000002
0.631000000000000	16.831786999999998
0.632000000000000	16.862891000000001
0.633000000000000	16.937061000000000
0.634000000000000	17.014818999999999
0.635000000000000	17.061475000000002
0.636000000000000	17.092578000000000
0.637000000000000	17.092578000000000
0.638000000000000	17.147607000000001
0.639000000000000	17.208618000000001
0.640000000000000	17.237328999999999
0.641000000000000	17.275610000000000
0.642000000000000	17.279198999999998
0.643000000000000	17.301929000000001
0.644000000000000	17.329443000000001
0.645000000000000	17.398828000000002
0.646000000000000	17.404810000000001
0.647000000000000	17.437109000000000
0.648000000000000	17.487354000000000
0.649000000000000	17.519653000000002
0.650000000000000	17.532813000000001
0.651000000000000	17.554345999999999
0.652000000000000	17.547167999999999
0.653000000000000	17.596215999999998
0.654000000000000	17.595020000000002
0.655000000000000	17.632104000000002
0.656000000000000	17.640478999999999
0.657000000000000	17.656030000000001
0.658000000000000	17.612964000000002
0.659000000000000	17.663208000000001
0.660000000000000	17.684740999999999
0.661000000000000	17.690722999999998
0.662000000000000	17.670386000000001
0.663000000000000	17.651244999999999
0.664000000000000	17.639282000000001
0.665000000000000	17.685938000000000
0.666000000000000	17.654834000000001
0.667000000000000	17.678760000000000
0.668000000000000	17.656030000000001
0.669000000000000	17.647656000000001
0.670000000000000	17.634497000000000
0.671000000000000	17.646460000000001
0.672000000000000	17.638086000000001
0.673000000000000	17.652441000000000
0.674000000000000	17.690722999999998
0.675000000000000	17.651244999999999
0.676000000000000	17.658422999999999
0.677000000000000	17.709862999999999
0.678000000000000	17.699096999999998
0.679000000000000	17.745752000000000
0.680000000000000	17.766089000000001
0.681000000000000	17.776855000000001
0.682000000000000	17.779247999999999
0.683000000000000	17.805565999999999
0.684000000000000	17.846240000000002
0.685000000000000	17.817529000000000
0.686000000000000	17.870166000000001
0.687000000000000	17.888110000000001
0.688000000000000	17.880932999999999
0.689000000000000	17.889306999999999
0.690000000000000	17.876147000000000
0.691000000000000	17.871362000000001
0.692000000000000	17.901270000000000
0.693000000000000	17.842651000000000
0.694000000000000	17.884520999999999
0.695000000000000	17.866576999999999
0.696000000000000	17.895288000000001
0.697000000000000	17.851025000000000
0.698000000000000	17.859399000000000
0.699000000000000	17.901270000000000
0.700000000000000	17.882128999999999
0.701000000000000	17.847436999999999
0.702000000000000	17.871362000000001
0.703000000000000	17.907250999999999
0.704000000000000	17.919214000000000
0.705000000000000	17.894092000000001
0.706000000000000	17.916820999999999
0.707000000000000	17.883324999999999
0.708000000000000	17.912036000000001
0.709000000000000	17.925194999999999
0.710000000000000	17.935962000000000
0.711000000000000	17.993383999999999
0.712000000000000	17.996973000000001
0.713000000000000	18.041235000000000
0.714000000000000	18.048413000000000
0.715000000000000	18.056787000000000
0.716000000000000	18.099854000000001
0.717000000000000	18.133350000000000
0.718000000000000	18.152490000000000
0.719000000000000	18.190771000000002
0.720000000000000	18.178809000000001
0.721000000000000	18.202734000000000
0.722000000000000	18.189575000000001
0.723000000000000	18.227855999999999
0.724000000000000	18.202734000000000
0.725000000000000	18.199145999999999
0.726000000000000	18.190771000000002
0.727000000000000	18.220679000000001
0.728000000000000	18.185986000000000
0.729000000000000	18.191967999999999
0.730000000000000	18.135742000000000
0.731000000000000	18.174022999999998
0.732000000000000	18.168042000000000
0.733000000000000	18.163257000000002
0.734000000000000	18.141724000000000
0.735000000000000	18.157274999999998
0.736000000000000	18.121386999999999
0.737000000000000	18.138134999999998
0.738000000000000	18.117798000000001
0.739000000000000	18.129760999999998
0.740000000000000	18.141724000000000
0.741000000000000	18.176416000000000
0.742000000000000	18.152490000000000
0.743000000000000	18.196753000000001
0.744000000000000	18.202734000000000
0.745000000000000	18.221875000000001
0.746000000000000	18.261353000000000
0.747000000000000	18.292456000000001
0.748000000000000	18.318774000000001
0.749000000000000	18.367822000000000
0.750000000000000	18.390552000000000
0.751000000000000	18.397729000000002
0.752000000000000	18.453955000000001
0.753000000000000	18.463525000000001
0.754000000000000	18.470703000000000
0.755000000000000	18.465917999999999
0.756000000000000	18.506592000000001
0.757000000000000	18.493433000000000
0.758000000000000	18.499414000000002
0.759000000000000	18.500610000000002
0.760000000000000	18.526928999999999
0.761000000000000	18.520947000000000
0.762000000000000	18.555640000000000
0.763000000000000	18.581958000000000
0.764000000000000	18.615454000000000
0.765000000000000	18.666895000000000
0.766000000000000	18.712354000000001
0.767000000000000	18.749438000000001
0.768000000000000	18.821216000000000
0.769000000000000	18.861889999999999
0.770000000000000	18.916919000000000
0.771000000000000	18.982714999999999
0.772000000000000	19.042528999999998
0.773000000000000	19.092773000000001
0.774000000000000	19.126270000000002
0.775000000000000	19.181298999999999
0.776000000000000	19.242310000000000
0.777000000000000	19.244702000000000
0.778000000000000	19.306909000000001
0.779000000000000	19.357153000000000
0.780000000000000	19.348779000000000
0.781000000000000	19.381079000000000
0.782000000000000	19.431322999999999
0.783000000000000	19.436108000000001
0.784000000000000	19.530615000000001
0.785000000000000	19.585645000000000
0.786000000000000	19.596411000000000
0.787000000000000	19.641870000000001
0.788000000000000	19.701685000000001
0.789000000000000	19.705272999999998
0.790000000000000	19.742357999999999
0.791000000000000	19.784229000000000
0.792000000000000	19.835668999999999
0.793000000000000	19.852416999999999
0.794000000000000	19.897876000000000
0.795000000000000	19.912230999999998
0.796000000000000	19.981615999999999
0.797000000000000	20.025879000000000
0.798000000000000	20.052197000000000
0.799000000000000	20.059374999999999
0.800000000000000	20.125171000000002
0.801000000000000	20.171825999999999
0.802000000000000	20.211303999999998
0.803000000000000	20.260352000000001
0.804000000000000	20.266332999999999
0.805000000000000	20.333324999999999
0.806000000000000	20.335718000000000
0.807000000000000	20.372803000000001
0.808000000000000	20.438599000000000
0.809000000000000	20.496020999999999
0.810000000000000	20.494824000000001
0.811000000000000	20.585742000000000
0.812000000000000	20.621631000000001
0.813000000000000	20.655127000000000
0.814000000000000	20.716138000000001
0.815000000000000	20.811841000000001
0.816000000000000	20.854907000000001
0.817000000000000	20.941040000000001
0.818000000000000	20.975732000000001
0.819000000000000	21.023584000000000
0.820000000000000	21.069043000000001
0.821000000000000	21.127661000000000
0.822000000000000	21.181494000000001
0.823000000000000	21.224561000000001
0.824000000000000	21.197046000000000
0.825000000000000	21.242505000000001
0.826000000000000	21.314281999999999
0.827000000000000	21.310693000000001
0.828000000000000	21.339403999999998
0.829000000000000	21.396826000000001
0.830000000000000	21.386060000000001
0.831000000000000	21.383666999999999
0.832000000000000	21.390844999999999
0.833000000000000	21.408788999999999
0.834000000000000	21.415966999999998
0.835000000000000	21.405200000000001
0.836000000000000	21.424340999999998
0.837000000000000	21.388452000000001
0.838000000000000	21.409984999999999
0.839000000000000	21.348974999999999
0.840000000000000	21.389648000000001
0.841000000000000	21.365722999999999
0.842000000000000	21.381274000000001
0.843000000000000	21.372900000000001
0.844000000000000	21.406396000000001
0.845000000000000	21.365722999999999
0.846000000000000	21.377686000000001
0.847000000000000	21.362134000000001
0.848000000000000	21.347778000000002
0.849000000000000	21.347778000000002
0.850000000000000	21.337012000000001
0.851000000000000	21.338208000000002
0.852000000000000	21.329834000000002
0.853000000000000	21.302319000000001
0.854000000000000	21.283179000000001
0.855000000000000	21.303515999999998
0.856000000000000	21.266431000000001
0.857000000000000	21.218578999999998
0.858000000000000	21.188672000000000
0.859000000000000	21.151586999999999
0.860000000000000	21.139624000000001
0.861000000000000	21.121680000000001
0.862000000000000	21.092969000000000
0.863000000000000	21.019995000000002
0.864000000000000	20.966162000000001
0.865000000000000	20.909936999999999
0.866000000000000	20.883617999999998
0.867000000000000	20.827393000000001
0.868000000000000	20.784326000000000
0.869000000000000	20.704174999999999
0.870000000000000	20.653931000000000
0.871000000000000	20.633593999999999
0.872000000000000	20.531908999999999
0.873000000000000	20.525928000000000
0.874000000000000	20.458936000000001
0.875000000000000	20.426635999999998
0.876000000000000	20.390747000000001
0.877000000000000	20.338110000000000
0.878000000000000	20.351270000000000
0.879000000000000	20.339307000000002
0.880000000000000	20.293848000000001
0.881000000000000	20.263940000000002
0.882000000000000	20.272314000000001
0.883000000000000	20.259155000000000
0.884000000000000	20.251978000000001
0.885000000000000	20.176611000000001
0.886000000000000	20.187377999999999
0.887000000000000	20.158667000000001
0.888000000000000	20.045020000000001
0.889000000000000	20.009131000000000
0.890000000000000	19.907446000000000
0.891000000000000	19.797388000000002
0.892000000000000	19.696898999999998
0.893000000000000	19.597607000000000
0.894000000000000	19.518651999999999
0.895000000000000	19.387060999999999
0.896000000000000	19.287769000000001
0.897000000000000	19.148999000000000
0.898000000000000	19.029370000000000
0.899000000000000	18.943237000000000
0.900000000000000	18.828393999999999
0.901000000000000	18.743456999999999
0.902000000000000	18.620239000000002
0.903000000000000	18.522144000000001
0.904000000000000	18.392944000000000
0.905000000000000	18.297241000000000
0.906000000000000	18.219481999999999
0.907000000000000	18.126172000000000
0.908000000000000	18.044823999999998
0.909000000000000	17.922802999999998
0.910000000000000	17.860596000000001
0.911000000000000	17.769677999999999
0.912000000000000	17.659618999999999
0.913000000000000	17.597411999999998
0.914000000000000	17.536401000000001
0.915000000000000	17.449072000000001
0.916000000000000	17.362939000000001
0.917000000000000	17.286377000000002
0.918000000000000	17.211010999999999
0.919000000000000	17.160767000000000
0.920000000000000	17.075830000000000
0.921000000000000	16.986108000000002
0.922000000000000	16.927489999999999
0.923000000000000	16.828198000000000
0.924000000000000	16.774365000000000
0.925000000000000	16.698999000000001
0.926000000000000	16.572192000000001
0.927000000000000	16.523145000000000
0.928000000000000	16.427441000000002
0.929000000000000	16.332934999999999
0.930000000000000	16.247997999999999
0.931000000000000	16.171436000000000
0.932000000000000	16.097266000000001
0.933000000000000	16.048217999999999
0.934000000000000	15.978833000000000
0.935000000000000	15.868774000000000
0.936000000000000	15.793407999999998
0.937000000000000	15.725220000000002
0.938000000000000	15.684546000000001
0.939000000000000	15.623535000000000
0.940000000000000	15.545776000000000
0.941000000000000	15.502710000000000
0.942000000000000	15.423755000000000
0.943000000000000	15.393848000000000
0.944000000000000	15.340014999999999
0.945000000000000	15.329247999999998
0.946000000000000	15.253882000000001
0.947000000000000	15.204834000000000
0.948000000000000	15.196460000000000
0.949000000000000	15.123485999999998
0.950000000000000	15.091186999999998
0.951000000000000	15.079224000000000
0.952000000000000	15.031371999999999
0.953000000000000	15.008642999999999
0.954000000000000	15.020605000000000
0.955000000000000	14.965576000000000
0.956000000000000	14.917725000000001
0.957000000000000	14.892602999999998
0.958000000000000	14.873462000000000
0.959000000000000	14.842358000000001
0.960000000000000	14.789721999999999
0.961000000000000	14.768188000000000
0.962000000000000	14.732300000000000
0.963000000000000	14.713158999999999
0.964000000000000	14.668896000000000
0.965000000000000	14.668896000000000
0.966000000000000	14.661719000000000
0.967000000000000	14.621044999999999
0.968000000000000	14.605492999999999
0.969000000000000	14.543286000000002
0.970000000000000	14.531323000000000
0.971000000000000	14.531323000000000
0.972000000000000	14.485863999999999
0.973000000000000	14.505005000000001
0.974000000000000	14.512183000000002
0.975000000000000	14.485863999999999
0.976000000000000	14.509790000000001
0.977000000000000	14.507396999999999
0.978000000000000	14.516968000000000
0.979000000000000	14.508594000000000
0.980000000000000	14.514575000000002
0.981000000000000	14.534912000000000
0.982000000000000	14.554053000000000
0.983000000000000	14.579174999999998
0.984000000000000	14.658129999999998
0.985000000000000	14.650951999999998
0.986000000000000	14.654541000000000
0.987000000000000	14.704784999999999
0.988000000000000	14.738281000000001
0.989000000000000	14.738281000000001
0.990000000000000	14.795703000000000
0.991000000000000	14.820824999999999
0.992000000000000	14.829198999999999
0.993000000000000	14.823218000000001
0.994000000000000	14.862695000000000
0.995000000000000	14.887816999999998
0.996000000000000	14.900976999999999
0.997000000000000	14.908154000000001
0.998000000000000	14.926099000000002
0.999000000000000	14.960791000000000
1.000000000000000	14.978735000000002
1.001000000000000	15.013428000000001
1.002000000000000	15.027782999999999
1.003000000000000	15.063671999999999
1.004000000000000	15.094774999999998
1.005000000000000	15.125878999999999
1.006000000000000	15.152196999999997
1.007000000000000	15.182104000000001
1.008000000000000	15.212012000000000
1.009000000000000	15.250293000000001
1.010000000000000	15.330443999999998
1.011000000000000	15.396240000000001
1.012000000000000	15.433325000000000
1.013000000000000	15.462035999999999
1.014000000000000	15.533813000000000
1.015000000000000	15.554150000000000
1.016000000000000	15.630713000000000
1.017000000000000	15.710864000000001
1.018000000000000	15.753931000000000
1.019000000000000	15.818530000000001
1.020000000000000	15.863989000000002
1.021000000000000	15.934570000000003
1.022000000000000	16.000366000000000
1.023000000000000	16.015917999999999
1.024000000000000	16.087695000000000
1.025000000000000	16.105640000000001
1.026000000000000	16.161864999999999
1.027000000000000	16.216895000000001
1.028000000000000	16.269531000000001
1.029000000000000	16.276709000000000
1.030000000000000	16.317383000000000
1.031000000000000	16.349682999999999
1.032000000000000	16.364038000000001
1.033000000000000	16.432227000000001
1.034000000000000	16.456151999999999
1.035000000000000	16.496825999999999
1.036000000000000	16.507593000000000
1.037000000000000	16.507593000000000
1.038000000000000	16.556640999999999
1.039000000000000	16.608080999999999
1.040000000000000	16.615258999999998
1.041000000000000	16.633203000000002
1.042000000000000	16.623633000000002
1.043000000000000	16.708569000000001
1.044000000000000	16.736084000000002
1.045000000000000	16.797094999999999
1.046000000000000	16.835376000000000
1.047000000000000	16.870068000000000
1.048000000000000	16.872461000000001
1.049000000000000	16.975342000000001
1.050000000000000	16.981323000000000
1.051000000000000	17.051904000000000
1.052000000000000	17.062671000000002
1.053000000000000	17.084204000000000
1.054000000000000	17.196655000000000
1.055000000000000	17.255272999999999
1.056000000000000	17.306713999999999
1.057000000000000	17.321069000000001
1.058000000000000	17.347387999999999
1.059000000000000	17.366527999999999
1.060000000000000	17.402417000000000
1.061000000000000	17.437109000000000
1.062000000000000	17.475390999999998
1.063000000000000	17.498120000000000
1.064000000000000	17.542383000000001
1.065000000000000	17.502904999999998
1.066000000000000	17.548363999999999
1.067000000000000	17.562719999999999
1.068000000000000	17.605785999999998
1.069000000000000	17.605785999999998
1.070000000000000	17.561523000000001
1.071000000000000	17.575879000000000
1.072000000000000	17.605785999999998
1.073000000000000	17.587841999999998
1.074000000000000	17.573485999999999
1.075000000000000	17.621338000000002
1.076000000000000	17.602197000000000
1.077000000000000	17.632104000000002
1.078000000000000	17.648852999999999
1.079000000000000	17.624927000000000
1.080000000000000	17.639282000000001
1.081000000000000	17.669188999999999
1.082000000000000	17.688330000000001
1.083000000000000	17.694312000000000
1.084000000000000	17.699096999999998
1.085000000000000	17.702686000000000
1.086000000000000	17.737378000000000
1.087000000000000	17.763695999999999
1.088000000000000	17.761303999999999
1.089000000000000	17.776855000000001
1.090000000000000	17.775659000000001
1.091000000000000	17.785229000000001
1.092000000000000	17.769677999999999
1.093000000000000	17.780443999999999
1.094000000000000	17.779247999999999
1.095000000000000	17.780443999999999
1.096000000000000	17.758911000000001
1.097000000000000	17.758911000000001
1.098000000000000	17.726610999999998
1.099000000000000	17.731396000000000
1.100000000000000	17.752929999999999
1.101000000000000	17.745752000000000
1.102000000000000	17.724219000000002
1.103000000000000	17.745752000000000
1.104000000000000	17.703882000000000
1.105000000000000	17.702686000000000
1.106000000000000	17.709862999999999
1.107000000000000	17.699096999999998
1.108000000000000	17.719434000000000
1.109000000000000	17.727808000000000
1.110000000000000	17.764893000000001
1.111000000000000	17.770873999999999
1.112000000000000	17.803173999999999
1.113000000000000	17.815137000000000
1.114000000000000	17.788817999999999
1.115000000000000	17.835474000000001
1.116000000000000	17.798389000000000
1.117000000000000	17.825903000000000
1.118000000000000	17.817529000000000
1.119000000000000	17.792407000000001
1.120000000000000	17.803173999999999
1.121000000000000	17.778051999999999
1.122000000000000	17.757715000000001
1.123000000000000	17.729004000000000
1.124000000000000	17.654834000000001
1.125000000000000	17.654834000000001
1.126000000000000	17.597411999999998
1.127000000000000	17.604590000000002
1.128000000000000	17.537597999999999
1.129000000000000	17.468212999999999
1.130000000000000	17.413184000000001
1.131000000000000	17.373705999999999
1.132000000000000	17.380883999999998
1.133000000000000	17.360547000000000
1.134000000000000	17.305517999999999
1.135000000000000	17.264844000000000
1.136000000000000	17.189478000000001
1.137000000000000	17.171533000000000
1.138000000000000	17.141625999999999
1.139000000000000	17.106933999999999
1.140000000000000	17.092578000000000
1.141000000000000	17.061475000000002
1.142000000000000	17.041138000000000
1.143000000000000	16.993286000000001
1.144000000000000	16.975342000000001
1.145000000000000	16.943041999999998
1.146000000000000	16.981323000000000
1.147000000000000	16.941846000000002
1.148000000000000	16.920313000000000
1.149000000000000	16.905957000000001
1.150000000000000	16.871265000000001
1.151000000000000	16.886816000000000
1.152000000000000	16.850928000000000
1.153000000000000	16.858104999999998
1.154000000000000	16.854517000000001
1.155000000000000	16.831786999999998
1.156000000000000	16.821020999999998
1.157000000000000	16.774365000000000
1.158000000000000	16.795898000000001
1.159000000000000	16.770776000000001
1.160000000000000	16.745653999999998
1.161000000000000	16.733691000000000
1.162000000000000	16.708569000000001
1.163000000000000	16.675073000000001
1.164000000000000	16.641577000000002
1.165000000000000	16.642772999999998
1.166000000000000	16.637988000000000
1.167000000000000	16.617650999999999
1.168000000000000	16.599706999999999
1.169000000000000	16.529126000000002
1.170000000000000	16.519556000000001
1.171000000000000	16.539892999999999
1.172000000000000	16.537500000000001
1.173000000000000	16.538696000000002
1.174000000000000	16.573388999999999
1.175000000000000	16.517163000000000
1.176000000000000	16.507593000000000
1.177000000000000	16.514771000000000
1.178000000000000	16.532715000000000
1.179000000000000	16.557836999999999
1.180000000000000	16.531518999999999
1.181000000000000	16.505199999999999
1.182000000000000	16.539892999999999
1.183000000000000	16.557836999999999
1.184000000000000	16.565014999999999
1.185000000000000	16.599706999999999
1.186000000000000	16.653540000000000
1.187000000000000	16.645166000000000
1.188000000000000	16.688231999999999
1.189000000000000	16.676269999999999
1.190000000000000	16.707373000000000
1.191000000000000	16.703783999999999
1.192000000000000	16.756421000000000
1.193000000000000	16.715747000000000
1.194000000000000	16.762402000000002
1.195000000000000	16.792310000000001
1.196000000000000	16.805468999999999
1.197000000000000	16.822216999999998
1.198000000000000	16.828198000000000
1.199000000000000	16.842554000000000
1.200000000000000	16.879639000000001
1.201000000000000	16.872461000000001
1.202000000000000	16.916723999999999
1.203000000000000	16.943041999999998
1.204000000000000	16.955005000000000
1.205000000000000	16.962183000000000
1.206000000000000	17.025586000000001
1.207000000000000	17.077026000000000
1.208000000000000	17.062671000000002
1.209000000000000	17.115307999999999
1.210000000000000	17.161963000000000
1.211000000000000	17.185889000000000
1.212000000000000	17.228954999999999
1.213000000000000	17.283984000000000
1.214000000000000	17.281592000000000
1.215000000000000	17.317480000000000
1.216000000000000	17.370117000000000
1.217000000000000	17.440698000000001
1.218000000000000	17.441894999999999
1.219000000000000	17.495728000000000
1.220000000000000	17.508887000000001
1.221000000000000	17.545971999999999
1.222000000000000	17.610571000000000
1.223000000000000	17.672778000000001
1.224000000000000	17.733789000000002
1.225000000000000	17.761303999999999
1.226000000000000	17.809155000000001
1.227000000000000	17.857006999999999
1.228000000000000	17.915624999999999
1.229000000000000	17.970654000000000
1.230000000000000	18.029271999999999
1.231000000000000	18.078320000000001
1.232000000000000	18.126172000000000
1.233000000000000	18.129760999999998
1.234000000000000	18.195557000000001
1.235000000000000	18.207519999999999
1.236000000000000	18.266138000000002
1.237000000000000	18.261353000000000
1.238000000000000	18.293652000000002
1.239000000000000	18.305615000000000
1.240000000000000	18.313988999999999
1.241000000000000	18.365430000000000
1.242000000000000	18.373804000000000
1.243000000000000	18.445581000000001
1.244000000000000	18.477881000000000
1.245000000000000	18.534106000000001
1.246000000000000	18.564014000000000
1.247000000000000	18.599902000000000
1.248000000000000	18.657323999999999
1.249000000000000	18.769774999999999
1.250000000000000	18.818822999999998
1.251000000000000	18.881029999999999
1.252000000000000	18.944434000000001
1.253000000000000	19.013818000000001
1.254000000000000	19.076025000000001
1.255000000000000	19.153784000000002
1.256000000000000	19.244702000000000
1.257000000000000	19.329639000000000
1.258000000000000	19.401416000000001
1.259000000000000	19.473192999999998
1.260000000000000	19.511475000000001
1.261000000000000	19.594018999999999
1.262000000000000	19.678954999999998
1.263000000000000	19.742357999999999
1.264000000000000	19.821313000000000
1.265000000000000	19.839258000000001
1.266000000000000	19.901465000000002
1.267000000000000	19.964867999999999
1.268000000000000	20.072534000000001
1.269000000000000	20.114404000000000
1.270000000000000	20.181395999999999
1.271000000000000	20.238817999999998
1.272000000000000	20.302222000000000
1.273000000000000	20.329736000000000
1.274000000000000	20.405103000000000
1.275000000000000	20.480468999999999
1.276000000000000	20.543872000000000
1.277000000000000	20.626415999999999
1.278000000000000	20.663501000000000
1.279000000000000	20.744848999999999
1.280000000000000	20.798681999999999
1.281000000000000	20.842943999999999
1.282000000000000	20.923096000000001
1.283000000000000	21.009229000000001
1.284000000000000	21.088183999999998
1.285000000000000	21.125268999999999
1.286000000000000	21.169530999999999
1.287000000000000	21.228148999999998
1.288000000000000	21.308301000000000
1.289000000000000	21.370508000000001
1.290000000000000	21.406396000000001
1.291000000000000	21.418358999999999
1.292000000000000	21.463818000000000
1.293000000000000	21.492529000000001
1.294000000000000	21.510473999999999
1.295000000000000	21.547559000000000
1.296000000000000	21.561914000000002
1.297000000000000	21.547559000000000
1.298000000000000	21.582250999999999
1.299000000000000	21.572680999999999
1.300000000000000	21.554735999999998
1.301000000000000	21.583447000000000
1.302000000000000	21.549951000000000
1.303000000000000	21.535596000000002
1.304000000000000	21.504491999999999
1.305000000000000	21.496117999999999
1.306000000000000	21.475781000000001
1.307000000000000	21.431519000000002
1.308000000000000	21.420752000000000
1.309000000000000	21.398022000000001
1.310000000000000	21.412378000000000
1.311000000000000	21.369312000000001
1.312000000000000	21.342993000000000
1.313000000000000	21.325049000000000
1.314000000000000	21.290355999999999
1.315000000000000	21.280785999999999
1.316000000000000	21.320264000000002
1.317000000000000	21.304711999999999
1.318000000000000	21.283179000000001
1.319000000000000	21.250879000000001
1.320000000000000	21.248486000000000
1.321000000000000	21.224561000000001
1.322000000000000	21.200634999999998
1.323000000000000	21.163550000000001
1.324000000000000	21.145605000000000
1.325000000000000	21.088183999999998
1.326000000000000	21.025977000000001
1.327000000000000	21.019995000000002
1.328000000000000	20.975732000000001
1.329000000000000	20.942236000000001
1.330000000000000	20.852515000000000
1.331000000000000	20.804663000000001
1.332000000000000	20.744848999999999
1.333000000000000	20.702978999999999
1.334000000000000	20.657520000000002
1.335000000000000	20.602490000000000
1.336000000000000	20.539086999999999
1.337000000000000	20.464917000000000
1.338000000000000	20.399121000000001
1.339000000000000	20.369213999999999
1.340000000000000	20.307006999999999
1.341000000000000	20.249585000000000
1.342000000000000	20.150293000000001
1.343000000000000	20.132349000000001
1.344000000000000	20.117992999999998
1.345000000000000	20.086890000000000
1.346000000000000	20.039038000000001
1.347000000000000	20.039038000000001
1.348000000000000	19.989989999999999
1.349000000000000	19.981615999999999
1.350000000000000	19.950513000000001
1.351000000000000	19.928979000000002
1.352000000000000	19.918213000000002
1.353000000000000	19.887108999999999
1.354000000000000	19.864380000000001
1.355000000000000	19.810547000000000
1.356000000000000	19.749535999999999
1.357000000000000	19.638280999999999
1.358000000000000	19.577271000000000
1.359000000000000	19.495923000000001
1.360000000000000	19.410986000000001
1.361000000000000	19.329639000000000
1.362000000000000	19.231542999999999
1.363000000000000	19.092773000000001
1.364000000000000	18.957592999999999
1.365000000000000	18.843945000000001
1.366000000000000	18.809252999999998
1.367000000000000	18.700391000000000
1.368000000000000	18.633398000000000
1.369000000000000	18.535302999999999
1.370000000000000	18.433617999999999
1.371000000000000	18.375000000000000
1.372000000000000	18.298438000000001
1.373000000000000	18.206323000000001
1.374000000000000	18.133350000000000
1.375000000000000	18.073535000000000
1.376000000000000	17.968261999999999
1.377000000000000	17.932372999999998
1.378000000000000	17.860596000000001
1.379000000000000	17.788817999999999
1.380000000000000	17.744555999999999
1.381000000000000	17.657226999999999
1.382000000000000	17.647656000000001
1.383000000000000	17.587841999999998
1.384000000000000	17.539990000000000
1.385000000000000	17.511278999999998
1.386000000000000	17.469408999999999
1.387000000000000	17.437109000000000
1.388000000000000	17.398828000000002
1.389000000000000	17.323461999999999
1.390000000000000	17.279198999999998
1.391000000000000	17.269628999999998
1.392000000000000	17.256470000000000
1.393000000000000	17.176317999999998
1.394000000000000	17.157177999999998
1.395000000000000	17.099755999999999
1.396000000000000	17.041138000000000
1.397000000000000	17.062671000000002
1.398000000000000	16.980127000000000
1.399000000000000	16.945435000000000
1.400000000000000	16.933471999999998
1.401000000000000	16.884423999999999
1.402000000000000	16.872461000000001
1.403000000000000	16.867675999999999
1.404000000000000	16.835376000000000
1.405000000000000	16.830590999999998
1.406000000000000	16.823412999999999
1.407000000000000	16.821020999999998
1.408000000000000	16.836572000000000
1.409000000000000	16.813842999999999
1.410000000000000	16.830590999999998
1.411000000000000	16.865283000000002
1.412000000000000	16.878442000000000
1.413000000000000	16.891601999999999
1.414000000000000	16.928687000000000
1.415000000000000	16.947827000000000
1.416000000000000	16.971753000000000
1.417000000000000	17.006444999999999
1.418000000000000	17.050708000000000
1.419000000000000	17.084204000000000
1.420000000000000	17.049512000000000
1.421000000000000	17.127271000000000
1.422000000000000	17.141625999999999
1.423000000000000	17.185889000000000
1.424000000000000	17.182300000000001
1.425000000000000	17.230150999999999
1.426000000000000	17.267236000000000
1.427000000000000	17.274414000000000
1.428000000000000	17.282788000000000
1.429000000000000	17.289966000000000
1.430000000000000	17.331835999999999
1.431000000000000	17.348583999999999
1.432000000000000	17.364135999999998
1.433000000000000	17.386865000000000
1.434000000000000	17.403613000000000
1.435000000000000	17.476586999999999
1.436000000000000	17.531616000000000
1.437000000000000	17.577075000000001
1.438000000000000	17.652441000000000
1.439000000000000	17.720630000000000
1.440000000000000	17.804369999999999
1.441000000000000	17.891698999999999
1.442000000000000	17.982617000000001
1.443000000000000	18.065161000000000
1.444000000000000	18.197949000000001
1.445000000000000	18.285278000000002
1.446000000000000	18.403711000000001
1.447000000000000	18.469507000000000
1.448000000000000	18.552050999999999
1.449000000000000	18.652539000000001
1.450000000000000	18.742260999999999
1.451000000000000	18.820020000000000
1.452000000000000	18.909741000000000
1.453000000000000	18.971948000000001
1.454000000000000	19.055688000000000
1.455000000000000	19.122681000000000
1.456000000000000	19.251880000000000
1.457000000000000	19.316479000000001
1.458000000000000	19.415770999999999
1.459000000000000	19.491137999999999
1.460000000000000	19.556933999999998
1.461000000000000	19.674170000000000
1.462000000000000	19.743555000000001
1.463000000000000	19.875146000000001
1.464000000000000	19.966063999999999
1.465000000000000	20.078516000000000
1.466000000000000	20.156274000000000
1.467000000000000	20.254370000000002
1.468000000000000	20.358447000000002
1.469000000000000	20.446973000000000
1.470000000000000	20.595313000000001
1.471000000000000	20.693408000000002
1.472000000000000	20.790308000000000
1.473000000000000	20.913525000000000
1.474000000000000	20.992480000000000
1.475000000000000	21.140820000000001
1.476000000000000	21.238916000000000
1.477000000000000	21.392040999999999
1.478000000000000	21.510473999999999
1.479000000000000	21.630102999999998
1.480000000000000	21.759302000000002
1.481000000000000	21.852612000000001
1.482000000000000	21.992578000000002
1.483000000000000	22.126563000000001
1.484000000000000	22.272510000000000
1.485000000000000	22.369409000000001
1.486000000000000	22.496216000000000
1.487000000000000	22.605077999999999
1.488000000000000	22.710352000000000
1.489000000000000	22.838353999999999
1.490000000000000	22.917310000000001
1.491000000000000	23.036937999999999
1.492000000000000	23.112304999999999
1.493000000000000	23.152978999999998
1.494000000000000	23.227148000000000
1.495000000000000	23.274999999999999
1.496000000000000	23.373096000000000
1.497000000000000	23.432910000000000
1.498000000000000	23.483153999999999
1.499000000000000	23.491527999999999
1.500000000000000	23.541772000000002
1.501000000000000	23.563306000000001
1.502000000000000	23.569286999999999
1.503000000000000	23.603978999999999
1.504000000000000	23.614746000000000
1.505000000000000	23.586034999999999
1.506000000000000	23.592016999999998
1.507000000000000	23.595604999999999
1.508000000000000	23.547754000000001
1.509000000000000	23.584838999999999
1.510000000000000	23.550146000000002
1.511000000000000	23.568090999999999
1.512000000000000	23.542968999999999
1.513000000000000	23.527417000000000
1.514000000000000	23.499901999999999
1.515000000000000	23.513062000000001
1.516000000000000	23.491527999999999
1.517000000000000	23.503491000000000
1.518000000000000	23.472387999999999
1.519000000000000	23.467603000000000
1.520000000000000	23.440087999999999
1.521000000000000	23.430517999999999
1.522000000000000	23.410181000000001
1.523000000000000	23.373096000000000
1.524000000000000	23.356348000000001
1.525000000000000	23.315674000000001
1.526000000000000	23.251073999999999
1.527000000000000	23.229541000000001
1.528000000000000	23.157764000000000
1.529000000000000	23.123070999999999
1.530000000000000	23.088379000000000
1.531000000000000	23.021387000000001
1.532000000000000	22.948412999999999
1.533000000000000	22.886206000000001
1.534000000000000	22.819213999999999
1.535000000000000	22.754614000000000
1.536000000000000	22.697192000000001
1.537000000000000	22.636182000000002
1.538000000000000	22.576367000000001
1.539000000000000	22.477074999999999
1.540000000000000	22.406493999999999
1.541000000000000	22.314380000000000
1.542000000000000	22.229443000000000
1.543000000000000	22.152881000000001
1.544000000000000	22.095459000000002
1.545000000000000	22.011718999999999
1.546000000000000	21.893286000000000
1.547000000000000	21.838256999999999
1.548000000000000	21.697095000000001
1.549000000000000	21.649242999999998
1.550000000000000	21.533203000000000
1.551000000000000	21.436304000000000
1.552000000000000	21.335815000000000
1.553000000000000	21.206616000000000
1.554000000000000	21.130054000000001
1.555000000000000	21.012816999999998
1.556000000000000	20.875243999999999
1.557000000000000	20.759204000000000
1.558000000000000	20.662305000000000
1.559000000000000	20.549854000000000
1.560000000000000	20.400317000000001
1.561000000000000	20.296240000000001
1.562000000000000	20.161059999999999
1.563000000000000	20.033056999999999
1.564000000000000	19.932568000000000
1.565000000000000	19.789014000000002
1.566000000000000	19.692114000000000
1.567000000000000	19.572485000000000
1.568000000000000	19.477979000000001
1.569000000000000	19.314087000000001
1.570000000000000	19.198046999999999
1.571000000000000	19.015014999999998
1.572000000000000	18.864281999999999
1.573000000000000	18.714746000000002
1.574000000000000	18.556836000000001
1.575000000000000	18.346288999999999
1.576000000000000	18.160864000000000
1.577000000000000	17.968261999999999
1.578000000000000	17.760107000000001
1.579000000000000	17.590233999999999
1.580000000000000	17.374901999999999
1.581000000000000	17.121289000000001
1.582000000000000	16.959790000000002
1.583000000000000	16.744458000000002
1.584000000000000	16.531518999999999
1.585000000000000	16.368822999999999
1.586000000000000	16.188184000000000
1.587000000000000	16.018311000000001
1.588000000000000	15.867578000000000
1.589000000000000	15.658227999999999
1.590000000000000	15.466820999999999
1.591000000000000	15.273022000000001
1.592000000000000	15.094774999999998
1.593000000000000	14.939258000000001
1.594000000000000	14.771777000000002
1.595000000000000	14.575585999999999
1.596000000000000	14.404517000000000
1.597000000000000	14.233447000000000
1.598000000000000	14.043237000000000
1.599000000000000	13.888916000000000
1.600000000000000	13.756128000000000
1.601000000000000	13.569507000000000
1.602000000000000	13.384081999999999
1.603000000000000	13.208227999999998
1.604000000000000	13.049121000000000
1.605000000000000	12.881641000000000
1.606000000000000	12.732104000000000
1.607000000000000	12.619652999999998
1.608000000000000	12.464136000000000
1.609000000000000	12.293066000000000
1.610000000000000	12.118407999999999
1.611000000000000	11.960497999999999
1.612000000000000	11.802588000000000
1.613000000000000	11.684155000000001
1.614000000000000	11.552562999999999
1.615000000000000	11.395849999999999
1.616000000000000	11.239136000000000
1.617000000000000	11.131470000000000
1.618000000000000	11.023804000000000
1.619000000000000	10.862304999999999
1.620000000000000	10.754638999999999
1.621000000000000	10.612280000000000
1.622000000000000	10.484277000000001
1.623000000000000	10.350293000000001
1.624000000000000	10.248608000000001
1.625000000000000	10.099072000000000
1.626000000000000	10.002173000000001
1.627000000000000	9.882543999999999
1.628000000000000	9.731812000000000
1.629000000000000	9.606201000000000
1.630000000000000	9.486572000000001
1.631000000000000	9.382495000000001
1.632000000000000	9.272437000000000
1.633000000000000	9.179126000000000
1.634000000000000	9.042749000000001
1.635000000000000	8.933887000000000
1.636000000000000	8.810669000000001
1.637000000000000	8.760425000000000
1.638000000000000	8.602515000000000
1.639000000000000	8.497241000000001
1.640000000000000	8.436230000000000
1.641000000000000	8.299854000000000
1.642000000000000	8.189795000000000
1.643000000000000	8.116821000000000
1.644000000000000	8.022314000000000
1.645000000000000	7.927808000000000
1.646000000000000	7.810571000000001
1.647000000000000	7.749561000000000
1.648000000000000	7.639502000000000
1.649000000000000	7.556958000000001
1.650000000000000	7.449292000000000
1.651000000000000	7.400244000000000
1.652000000000000	7.311719000000000
1.653000000000000	7.231567000000000
1.654000000000000	7.145434999999999
1.655000000000000	7.065283000000001
1.656000000000000	7.017432000000000
1.657000000000000	6.919336000000000
1.658000000000000	6.823633000000000
1.659000000000000	6.762622000000000
1.660000000000000	6.668115000000000
1.661000000000000	6.571216000000000
1.662000000000000	6.529346000000000
1.663000000000000	6.436035000000000
1.664000000000000	6.371436000000000
1.665000000000000	6.256592000000000
1.666000000000000	6.235059000000000
1.667000000000000	6.146533000000000
1.668000000000000	6.073560000000000
1.669000000000000	6.008959999999999
1.670000000000000	5.938379000000000
1.671000000000000	5.864209000000000
1.672000000000000	5.819946000000000
1.673000000000000	5.730225000000000
1.674000000000000	5.693140000000000
1.675000000000000	5.586670000000000
1.676000000000000	5.516089000000000
1.677000000000000	5.463452000000000
1.678000000000000	5.413208000000000
1.679000000000000	5.333057000000000
1.680000000000000	5.274438000000000
1.681000000000000	5.184717000000000
1.682000000000000	5.146436000000000
1.683000000000000	5.073462000000000
1.684000000000000	5.013647000000000
1.685000000000000	4.970581000000000
1.686000000000000	4.910767000000000
1.687000000000000	4.830615000000000
1.688000000000000	4.792334000000000
1.689000000000000	4.716968000000000
1.690000000000000	4.677490000000000
1.691000000000000	4.608105000000000
1.692000000000000	4.538721000000000
1.693000000000000	4.513599000000000
1.694000000000000	4.476514000000000
1.695000000000000	4.404736000000000
1.696000000000000	4.362866000000000
1.697000000000000	4.264771000000000
1.698000000000000	4.236060000000000
1.699000000000000	4.183423000000000
1.700000000000000	4.109253000000000
1.701000000000000	4.096094000000000
1.702000000000000	4.030298000000000
1.703000000000000	3.969287000000000
1.704000000000000	3.929810000000000
1.705000000000000	3.867603000000000
1.706000000000000	3.826929000000000
1.707000000000000	3.779077000000001
1.708000000000000	3.733618000000000
1.709000000000000	3.672607000000000
1.710000000000000	3.603223000000000
1.711000000000000	3.557764000000000
1.712000000000000	3.507520000000000
1.713000000000000	3.444116000000000
1.714000000000000	3.399854000000000
1.715000000000000	3.326880000000000
1.716000000000000	3.277832000000000
1.717000000000000	3.261084000000000
1.718000000000000	3.216821000000000
1.719000000000000	3.140259000000000
1.720000000000000	3.088818000000000
1.721000000000000	3.038574000000000
1.722000000000000	3.043359000000000
1.723000000000000	3.020630000000000
1.724000000000000	2.904590000000000
1.725000000000000	2.841187000000000
1.726000000000000	2.805298000000000
1.727000000000000	2.777783000000000
1.728000000000000	2.719165000000000
1.729000000000000	2.679688000000000
1.730000000000000	2.621069000000000
1.731000000000000	2.567236000000000
1.732000000000000	2.564844000000000
1.733000000000000	2.499048000000000
1.734000000000000	2.459570000000000
1.735000000000000	2.432056000000000
1.736000000000000	2.380615000000000
1.737000000000000	2.330371000000000
1.738000000000000	2.295679000000000
1.739000000000000	2.289697000000000
1.740000000000000	2.231079000000000
1.741000000000000	2.173657000000000
1.742000000000000	2.136572000000000
1.743000000000000	2.113843000000000
1.744000000000000	2.054028000000000
1.745000000000000	2.021729000000000
1.746000000000000	1.960718000000000
1.747000000000000	1.914063000000000
1.748000000000000	1.881763000000000
1.749000000000000	1.847070000000000
1.750000000000000	1.804004000000000
1.751000000000000	1.760938000000000
1.752000000000000	1.729834000000000
1.753000000000000	1.702319000000000
1.754000000000000	1.670020000000000
1.755000000000000	1.661646000000000
1.756000000000000	1.635327000000000
1.757000000000000	1.568335000000000
1.758000000000000	1.524072000000000
1.759000000000000	1.483398000000000
1.760000000000000	1.458276000000000
1.761000000000000	1.447510000000000
1.762000000000000	1.386499000000000
1.763000000000000	1.351807000000000
1.764000000000000	1.330273000000000
1.765000000000000	1.294385000000000
1.766000000000000	1.247729000000000
1.767000000000000	1.244141000000000
1.768000000000000	1.173560000000000
1.769000000000000	1.162793000000000
1.770000000000000	1.162793000000000
1.771000000000000	1.138867000000000
1.772000000000000	1.099390000000000
1.773000000000000	1.105371000000000
1.774000000000000	1.059912000000000
1.775000000000000	1.004883000000000
1.776000000000000	0.996509000000000
1.777000000000000	1.001294000000000
1.778000000000000	0.915161000000000
1.779000000000000	0.869702000000000
1.780000000000000	0.875684000000000
1.781000000000000	0.837402000000000
1.782000000000000	0.850562000000000
1.783000000000000	0.797925000000000
1.784000000000000	0.779980000000000
1.785000000000000	0.784766000000000
1.786000000000000	0.745288000000000
1.787000000000000	0.763232000000000
1.788000000000000	0.728540000000000
1.789000000000000	0.721362000000000
1.790000000000000	0.654370000000000
1.791000000000000	0.647192000000000
1.792000000000000	0.663940000000000
1.793000000000000	0.617285000000000
1.794000000000000	0.602930000000000
1.795000000000000	0.593359000000000
1.796000000000000	0.549097000000000
1.797000000000000	0.544312000000000
1.798000000000000	0.522778000000000
1.799000000000000	0.525171000000000
1.800000000000000	0.501245000000000
1.801000000000000	0.522778000000000
1.802000000000000	0.477319000000000
1.803000000000000	0.442627000000000
1.804000000000000	0.453394000000000
1.805000000000000	0.442627000000000
1.806000000000000	0.435449000000000
1.807000000000000	0.430664000000000
1.808000000000000	0.399561000000000
1.809000000000000	0.378027000000000
1.810000000000000	0.356494000000000
1.811000000000000	0.326587000000000
1.812000000000000	0.350513000000000
1.813000000000000	0.295483000000000
1.814000000000000	0.305054000000000
1.815000000000000	0.261987000000000
1.816000000000000	0.284717000000000
1.817000000000000	0.311035000000000
1.818000000000000	0.257202000000000
1.819000000000000	0.269165000000000
1.820000000000000	0.253613000000000
1.821000000000000	0.221313000000000
1.822000000000000	0.271558000000000
1.823000000000000	0.252417000000000
1.824000000000000	0.232080000000000
1.825000000000000	0.196191000000000
1.826000000000000	0.205762000000000
1.827000000000000	0.199780000000000
1.828000000000000	0.173462000000000
1.829000000000000	0.166284000000000
1.830000000000000	0.159106000000000
1.831000000000000	0.157910000000000
1.832000000000000	0.173462000000000
1.833000000000000	0.172266000000000
1.834000000000000	0.132788000000000
1.835000000000000	0.154321000000000
1.836000000000000	0.154321000000000
1.837000000000000	0.131592000000000
1.838000000000000	0.147144000000000
1.839000000000000	0.161499000000000
1.840000000000000	0.131592000000000
1.841000000000000	0.118433000000000
1.842000000000000	0.087329000000000
1.843000000000000	0.112451000000000
1.844000000000000	0.083740000000000
1.845000000000000	0.071777000000000
1.846000000000000	0.114844000000000
1.847000000000000	0.093311000000000
1.848000000000000	0.082544000000000
1.849000000000000	0.086133000000000
1.850000000000000	0.081348000000000
1.851000000000000	0.094507000000000
1.852000000000000	0.083740000000000
1.853000000000000	0.078955000000000
1.854000000000000	0.064600000000000
1.855000000000000	0.055029000000000
1.856000000000000	0.088525000000000
1.857000000000000	0.081348000000000
1.858000000000000	0.070581000000000
1.859000000000000	0.090918000000000
1.860000000000000	0.032300000000000
1.861000000000000	0.047852000000000
1.862000000000000	0.031104000000000
1.863000000000000	0.047852000000000
1.864000000000000	0.019141000000000
1.865000000000000	0.044263000000000
1.866000000000000	0.035889000000000
1.867000000000000	0.050244000000000
1.868000000000000	0.037085000000000
1.869000000000000	0.033496000000000
1.870000000000000	0.022729000000000
1.871000000000000	0.038281000000000
1.872000000000000	0.022729000000000
1.873000000000000	0.015552000000000
1.874000000000000	0.019141000000000
1.875000000000000	0.023926000000000
1.876000000000000	0.009570000000000
1.877000000000000	0.021533000000000
1.878000000000000	0.053833000000000
1.879000000000000	0.000000000000000
1.880000000000000	0.000000000000000
1.881000000000000	0.027515000000000
1.882000000000000	0.000000000000000
1.883000000000000	0.011963000000000
1.884000000000000	0.032300000000000
1.885000000000000	0.014355000000000
1.886000000000000	0.019141000000000
1.887000000000000	0.053833000000000
1.888000000000000	0.034692000000000
1.889000000000000	0.038281000000000
1.890000000000000	0.046655000000000
1.891000000000000	0.052637000000000
1.892000000000000	0.037085000000000
1.893000000000000	0.000000000000000
1.894000000000000	0.000000000000000
1.895000000000000	0.037085000000000
1.896000000000000	0.005981000000000
1.897000000000000	0.021533000000000
1.898000000000000	0.003589000000000
1.899000000000000	0.000000000000000
1.900000000000000	0.003589000000000
1.901000000000000	0.000000000000000
1.902000000000000	0.013159000000000
1.903000000000000	0.014355000000000
1.904000000000000	0.016748000000000
1.905000000000000	0.029907000000000
1.906000000000000	0.021533000000000
1.907000000000000	0.015552000000000
1.908000000000000	0.000000000000000
1.909000000000000	0.021533000000000
1.910000000000000	0.000000000000000
1.911000000000000	0.028711000000000
1.912000000000000	0.001196000000000
1.913000000000000	0.000000000000000
1.914000000000000	0.000000000000000
1.915000000000000	0.000000000000000
1.916000000000000	0.000000000000000
1.917000000000000	0.005981000000000
1.918000000000000	0.031104000000000
1.919000000000000	0.038281000000000
1.920000000000000	0.021533000000000
1.921000000000000	0.000000000000000
1.922000000000000	0.017944000000000
1.923000000000000	0.040674000000000
1.924000000000000	0.014355000000000
1.925000000000000	0.009570000000000
1.926000000000000	0.000000000000000
1.927000000000000	0.009570000000000
1.928000000000000	0.005981000000000
1.929000000000000	0.021533000000000
1.930000000000000	0.019141000000000
1.931000000000000	0.000000000000000
1.932000000000000	0.000000000000000
1.933000000000000	0.002393000000000
1.934000000000000	0.026318000000000
1.935000000000000	0.000000000000000
1.936000000000000	0.027515000000000
1.937000000000000	0.052637000000000
1.938000000000000	0.000000000000000
1.939000000000000	0.000000000000000
1.940000000000000	0.034692000000000
1.941000000000000	0.027515000000000
1.942000000000000	0.014355000000000
1.943000000000000	0.033496000000000
1.944000000000000	0.002393000000000
1.945000000000000	0.009570000000000
1.946000000000000	0.000000000000000
1.947000000000000	0.000000000000000
1.948000000000000	0.000000000000000
1.949000000000000	0.000000000000000
1.950000000000000	0.025122000000000
1.951000000000000	0.016748000000000
1.952000000000000	0.000000000000000
1.953000000000000	0.016748000000000
1.954000000000000	0.010767000000000
1.955000000000000	0.026318000000000
1.956000000000000	0.028711000000000
1.957000000000000	0.022729000000000
1.958000000000000	0.015552000000000
1.959000000000000	0.002393000000000
1.960000000000000	0.014355000000000
1.961000000000000	0.011963000000000
1.962000000000000	0.000000000000000
1.963000000000000	0.025122000000000
1.964000000000000	0.005981000000000
1.965000000000000	0.000000000000000
1.966000000000000	0.017944000000000
1.967000000000000	0.003589000000000
1.968000000000000	0.000000000000000
1.969000000000000	0.023926000000000
1.970000000000000	0.000000000000000
1.971000000000000	0.005981000000000
1.972000000000000	0.000000000000000
1.973000000000000	0.014355000000000
1.974000000000000	0.034692000000000
1.975000000000000	0.014355000000000
1.976000000000000	0.000000000000000
1.977000000000000	0.009570000000000
1.978000000000000	0.000000000000000
1.979000000000000	0.003589000000000
1.980000000000000	0.004785000000000
1.981000000000000	0.000000000000000
1.982000000000000	0.005981000000000
1.983000000000000	0.001196000000000
1.984000000000000	0.001196000000000
1.985000000000000	0.025122000000000
1.986000000000000	0.033496000000000
1.987000000000000	0.007178000000000
1.988000000000000	0.038281000000000
1.989000000000000	0.010767000000000
1.990000000000000	0.005981000000000
1.991000000000000	0.000000000000000
1.992000000000000	0.022729000000000
1.993000000000000	0.004785000000000
1.994000000000000	0.000000000000000
1.995000000000000	0.038281000000000
1.996000000000000	0.000000000000000
1.997000000000000	0.000000000000000
1.998000000000000	0.000000000000000
1.999000000000000	0.011963000000000
2.000000000000000	0.003589000000000