Displacement of the free end of a submaximally-activated cat soleus muscle
relative to its initial position, with a maximum amplitude of 1.0 mm.
Experimental data was provided by T.G. Sandercock [1]. Please refer to Millard
et al. [2] for details.

References:
    1. Perreault, E.J., Heckman, C.J., and Sandercock, T.G., 2003. "Hill
       muscle model errors during movement are greatest within the
       physiologically relevant range of motor unit firing rates". Journal
       of Biomechanics, 36(2), pp. 211--218.
       http://dx.doi.org/10.1016/S0021-9290(02)00332-9.
    2. Millard, M., Uchida, T., Seth, A., and Delp, S.L., 2013. "Flexing
       computational muscle: Modeling and simulation of musculotendon
       dynamics". ASME Journal of Biomechanical Engineering, 135(2),
       p. 021013 (11 pages). http://dx.doi.org/10.1115/1.4023390.

endheader
time_s	displacement_mm
0.000000000000000	-8.073117584128834
0.001000000000000	-8.073193031899001
0.002000000000000	-8.073282462724166
0.003000000000000	-8.073370479740667
0.004000000000000	-8.073422024956834
0.005000000000000	-8.073432410500166
0.006000000000000	-8.073437882286001
0.007000000000000	-8.073450967850334
0.008000000000000	-8.073382337982833
0.009000000000000	-8.073030404015499
0.010000000000000	-8.072169725782500
0.011000000000000	-8.070675631699668
0.012000000000000	-8.068581370057499
0.013000000000000	-8.066030173427999
0.014000000000000	-8.063173202513999
0.015000000000000	-8.060107891898833
0.016000000000000	-8.056907559698333
0.017000000000000	-8.053671524353334
0.018000000000000	-8.050506871205666
0.019000000000000	-8.047473074601166
0.020000000000000	-8.044565536598332
0.021000000000000	-8.041760793532498
0.022000000000000	-8.039083558942833
0.023000000000000	-8.036610337499834
0.024000000000000	-8.034393372888333
0.025000000000000	-8.032410575433000
0.026000000000000	-8.030606366498999
0.027000000000000	-8.028961697138501
0.028000000000000	-8.027511881830833
0.029000000000000	-8.026305742372168
0.030000000000000	-8.025363619158501
0.031000000000000	-8.024670360055000
0.032000000000000	-8.024188999802332
0.033000000000000	-8.023877513672835
0.034000000000000	-8.023697986443667
0.035000000000000	-8.023611794005833
0.036000000000000	-8.023571918770832
0.037000000000000	-8.023525209438001
0.038000000000000	-8.023434407450667
0.039000000000000	-8.023314468811499
0.040000000000000	-8.023239419923334
0.041000000000000	-8.023294512848667
0.042000000000000	-8.023527188376834
0.043000000000000	-8.023970524078999
0.044000000000000	-8.024703475853000
0.045000000000000	-8.025846592338166
0.046000000000000	-8.027500988776501
0.047000000000000	-8.029702570669835
0.048000000000000	-8.032406502046500
0.049000000000000	-8.035503223840498
0.050000000000000	-8.038868038531334
0.051000000000000	-8.042405789115998
0.052000000000000	-8.046051092256333
0.053000000000000	-8.049728530192333
0.054000000000000	-8.053341921697333
0.055000000000000	-8.056845341365001
0.056000000000000	-8.060304821818166
0.057000000000000	-8.063852580805333
0.058000000000000	-8.067579578520665
0.059000000000000	-8.071473994807001
0.060000000000000	-8.075474348094334
0.061000000000000	-8.079556258171333
0.062000000000000	-8.083725532130835
0.063000000000000	-8.087979341818668
0.064000000000000	-8.092310015112501
0.065000000000000	-8.096705026054332
0.066000000000000	-8.101150458980499
0.067000000000000	-8.105655971488668
0.068000000000000	-8.110261097730833
0.069000000000000	-8.115004965242001
0.070000000000000	-8.119881248004834
0.071000000000000	-8.124830013355499
0.072000000000000	-8.129786903687833
0.073000000000000	-8.134727001980833
0.074000000000000	-8.139656435573000
0.075000000000000	-8.144588018208834
0.076000000000000	-8.149533576414333
0.077000000000000	-8.154506897106169
0.078000000000000	-8.159527855403335
0.079000000000000	-8.164609528047334
0.080000000000000	-8.169730928856334
0.081000000000000	-8.174824152348167
0.082000000000000	-8.179794256426833
0.083000000000000	-8.184584609883833
0.084000000000000	-8.189231884965668
0.085000000000000	-8.193830923994666
0.086000000000000	-8.198454157728667
0.087000000000000	-8.203105118655833
0.088000000000000	-8.207734774115499
0.089000000000000	-8.212312716118166
0.090000000000000	-8.216868300559002
0.091000000000000	-8.221445759078334
0.092000000000000	-8.226050334070168
0.093000000000000	-8.230649819042833
0.094000000000000	-8.235199712701666
0.095000000000000	-8.239662268268667
0.096000000000000	-8.244011234539332
0.097000000000000	-8.248231534989333
0.098000000000000	-8.252325735109499
0.099000000000000	-8.256298944520999
0.100000000000000	-8.260138808421667
0.101000000000000	-8.263832288107000
0.102000000000000	-8.267375705968002
0.103000000000000	-8.270750835331166
0.104000000000000	-8.273912008115666
0.105000000000000	-8.276808414564000
0.106000000000000	-8.279440107033333
0.107000000000000	-8.281901908598501
0.108000000000000	-8.284327982062500
0.109000000000000	-8.286772790250501
0.110000000000000	-8.289176478013333
0.111000000000000	-8.291458459687666
0.112000000000000	-8.293618647959500
0.113000000000000	-8.295710579583169
0.114000000000000	-8.297721943667165
0.115000000000000	-8.299533782818832
0.116000000000000	-8.301033253987832
0.117000000000000	-8.302233336301335
0.118000000000000	-8.303231034003835
0.119000000000000	-8.304074672493666
0.120000000000000	-8.304723410920166
0.121000000000000	-8.305134975962499
0.122000000000000	-8.305347028510834
0.123000000000000	-8.305450553539334
0.124000000000000	-8.305516131958665
0.125000000000000	-8.305551947464167
0.126000000000000	-8.305516908405334
0.127000000000000	-8.305368484341667
0.128000000000000	-8.305066980035166
0.129000000000000	-8.304534435174999
0.130000000000000	-8.303650157388832
0.131000000000000	-8.302285948922833
0.132000000000000	-8.300340912076669
0.133000000000000	-8.297778512908167
0.134000000000000	-8.294649006948665
0.135000000000000	-8.291049757874832
0.136000000000000	-8.287044667678165
0.137000000000000	-8.282634295046833
0.138000000000000	-8.277808999307167
0.139000000000000	-8.272601947188667
0.140000000000000	-8.267071414174000
0.141000000000000	-8.261265399207334
0.142000000000000	-8.255224855422501
0.143000000000000	-8.248992634923834
0.144000000000000	-8.242609852421834
0.145000000000000	-8.236111658695501
0.146000000000000	-8.229504023601834
0.147000000000000	-8.222731533719333
0.148000000000000	-8.215693744700999
0.149000000000000	-8.208314352593000
0.150000000000000	-8.200594935354166
0.151000000000000	-8.192594294225835
0.152000000000000	-8.184361017069833
0.153000000000000	-8.175904039314334
0.154000000000000	-8.167214180424168
0.155000000000000	-8.158300525769166
0.156000000000000	-8.149221735176665
0.157000000000000	-8.140068115581833
0.158000000000000	-8.130888382506667
0.159000000000000	-8.121647060998667
0.160000000000000	-8.112269548285667
0.161000000000000	-8.102711354809166
0.162000000000000	-8.092977686048334
0.163000000000000	-8.083098066280002
0.164000000000000	-8.073084850376667
0.165000000000000	-8.062912063767667
0.166000000000000	-8.052539848168166
0.167000000000000	-8.041964662963499
0.168000000000000	-8.031232510980667
0.169000000000000	-8.020375927067667
0.170000000000000	-8.009360097681332
0.171000000000000	-7.998125161112834
0.172000000000000	-7.986664970915666
0.173000000000000	-7.975048845168167
0.174000000000000	-7.963362833588833
0.175000000000000	-7.951629665640833
0.176000000000000	-7.939796263246167
0.177000000000000	-7.927792013423834
0.178000000000000	-7.915589024332999
0.179000000000000	-7.903211470211499
0.180000000000000	-7.890698602387833
0.181000000000000	-7.878076420693667
0.182000000000000	-7.865372564813666
0.183000000000000	-7.852643403179333
0.184000000000000	-7.839965460602334
0.185000000000000	-7.827391113111333
0.186000000000000	-7.814907437137166
0.187000000000000	-7.802440573365000
0.188000000000000	-7.789914943821334
0.189000000000000	-7.777314161932000
0.190000000000000	-7.764686452875334
0.191000000000000	-7.752107607288167
0.192000000000000	-7.739642043698001
0.193000000000000	-7.727304630320667
0.194000000000000	-7.715053491577000
0.195000000000000	-7.702847580562666
0.196000000000000	-7.690685715309667
0.197000000000000	-7.678572981948499
0.198000000000000	-7.666495890991166
0.199000000000000	-7.654455870595334
0.200000000000000	-7.642507869552834
0.201000000000000	-7.630725957885001
0.202000000000000	-7.619124746180333
0.203000000000000	-7.607660129947167
0.204000000000000	-7.596299288307833
0.205000000000000	-7.585056890106500
0.206000000000000	-7.573996203939667
0.207000000000000	-7.563206598494333
0.208000000000000	-7.552742699804834
0.209000000000000	-7.542584857901166
0.210000000000000	-7.532677679010834
0.211000000000000	-7.522993945846666
0.212000000000000	-7.513551504762334
0.213000000000000	-7.504385127544667
0.214000000000000	-7.495506559238500
0.215000000000000	-7.486884317416000
0.216000000000000	-7.478478963521834
0.217000000000000	-7.470302772156999
0.218000000000000	-7.462416568361832
0.219000000000000	-7.454872636746834
0.220000000000000	-7.447672705114500
0.221000000000000	-7.440766223609834
0.222000000000000	-7.434105083561334
0.223000000000000	-7.427707404722333
0.224000000000000	-7.421633534059834
0.225000000000000	-7.415900472850335
0.226000000000000	-7.410450115943167
0.227000000000000	-7.405211573909167
0.228000000000000	-7.400187375401000
0.229000000000000	-7.395451243274000
0.230000000000000	-7.391060362508333
0.231000000000000	-7.387019635258667
0.232000000000000	-7.383326999642834
0.233000000000000	-7.380003508837667
0.234000000000000	-7.377073761988835
0.235000000000000	-7.374526991585000
0.236000000000000	-7.372316577933167
0.237000000000000	-7.370386642246667
0.238000000000000	-7.368683082859000
0.239000000000000	-7.367203868521666
0.240000000000000	-7.366027808028835
0.241000000000000	-7.365210542568668
0.242000000000000	-7.364692515191834
0.243000000000000	-7.364357256828499
0.244000000000000	-7.364132127707333
0.245000000000000	-7.364012247452000
0.246000000000000	-7.364023978037667
0.247000000000000	-7.364198318045833
0.248000000000000	-7.364585568615000
0.249000000000000	-7.365281847385000
0.250000000000000	-7.366434390157334
0.251000000000000	-7.368217182817332
0.252000000000000	-7.370764959616500
0.253000000000000	-7.374104151845667
0.254000000000000	-7.378169643565833
0.255000000000000	-7.382893097175166
0.256000000000000	-7.388256557673834
0.257000000000000	-7.394264052770166
0.258000000000000	-7.400870374204501
0.259000000000000	-7.407949308795000
0.260000000000000	-7.415348159592832
0.261000000000000	-7.422982525634333
0.262000000000000	-7.430880091028000
0.263000000000000	-7.439117726975833
0.264000000000000	-7.447718316166334
0.265000000000000	-7.456635293402667
0.266000000000000	-7.465815621888166
0.267000000000000	-7.475244815023000
0.268000000000000	-7.484950213506001
0.269000000000000	-7.494968299547335
0.270000000000000	-7.505298665950666
0.271000000000000	-7.515900099864833
0.272000000000000	-7.526732295147000
0.273000000000000	-7.537798172308833
0.274000000000000	-7.549149099308501
0.275000000000000	-7.560833562290667
0.276000000000000	-7.572840078332167
0.277000000000000	-7.585113331622000
0.278000000000000	-7.597612776872833
0.279000000000000	-7.610330990517000
0.280000000000000	-7.623267358598834
0.281000000000000	-7.636405735505001
0.282000000000000	-7.649730056170501
0.283000000000000	-7.663262018724333
0.284000000000000	-7.677065164588832
0.285000000000000	-7.691186331934500
0.286000000000000	-7.705573349607167
0.287000000000000	-7.720062953780499
0.288000000000000	-7.734499344796333
0.289000000000000	-7.748869942199668
0.290000000000000	-7.763294609219833
0.291000000000000	-7.777907332500333
0.292000000000000	-7.792762978683501
0.293000000000000	-7.807814393543500
0.294000000000000	-7.822961338837833
0.295000000000000	-7.838133199615501
0.296000000000000	-7.853314642186001
0.297000000000000	-7.868500042031001
0.298000000000000	-7.883672675634667
0.299000000000000	-7.898832983018500
0.300000000000000	-7.914006770484334
0.301000000000000	-7.929216057205333
0.302000000000000	-7.944435977883334
0.303000000000000	-7.959573912700499
0.304000000000000	-7.974518152341335
0.305000000000000	-7.989223422202333
0.306000000000000	-8.003743669236167
0.307000000000000	-8.018173803347166
0.308000000000000	-8.032546288759500
0.309000000000000	-8.046815861578166
0.310000000000000	-8.060968765237833
0.311000000000000	-8.075087484651666
0.312000000000000	-8.089282439634333
0.313000000000000	-8.103589892099166
0.314000000000000	-8.117931907747334
0.315000000000000	-8.132156359040335
0.316000000000000	-8.146121195504000
0.317000000000000	-8.159769953786332
0.318000000000000	-8.173153634836334
0.319000000000000	-8.186370496675499
0.320000000000000	-8.199462528346666
0.321000000000000	-8.212379812825999
0.322000000000000	-8.225051987294666
0.323000000000000	-8.237463969081334
0.324000000000000	-8.249634962530999
0.325000000000000	-8.261547829849834
0.326000000000000	-8.273152825584166
0.327000000000000	-8.284429025750500
0.328000000000000	-8.295392065719168
0.329000000000000	-8.306065124701666
0.330000000000000	-8.316466440316500
0.331000000000000	-8.326591264346336
0.332000000000000	-8.336407228287833
0.333000000000000	-8.345891804705834
0.334000000000000	-8.355060807349000
0.335000000000000	-8.363936554787001
0.336000000000000	-8.372492988815667
0.337000000000000	-8.380652464754499
0.338000000000000	-8.388343090336500
0.339000000000000	-8.395560908812334
0.340000000000000	-8.402372904416501
0.341000000000000	-8.408854001099334
0.342000000000000	-8.415027566475834
0.343000000000000	-8.420863941097833
0.344000000000000	-8.426321396659333
0.345000000000000	-8.431379361831501
0.346000000000000	-8.436025925348000
0.347000000000000	-8.440220313357832
0.348000000000000	-8.443898381952833
0.349000000000000	-8.447037424599500
0.350000000000000	-8.449698097507334
0.351000000000000	-8.451975737710667
0.352000000000000	-8.453910327980166
0.353000000000000	-8.455456162512000
0.354000000000000	-8.456546768505168
0.355000000000000	-8.457190900484333
0.356000000000000	-8.457504481441834
0.357000000000000	-8.457653389078166
0.358000000000000	-8.457758439536834
0.359000000000000	-8.457815903156167
0.360000000000000	-8.457696018180000
0.361000000000000	-8.457239402715333
0.362000000000000	-8.456331925976167
0.363000000000000	-8.454887033516833
0.364000000000000	-8.452818235091668
0.365000000000000	-8.450047180104834
0.366000000000000	-8.446529594229000
0.367000000000000	-8.442282598980667
0.368000000000000	-8.437368875921500
0.369000000000000	-8.431830681958667
0.370000000000000	-8.425654105502334
0.371000000000000	-8.418814821470166
0.372000000000000	-8.411347352893500
0.373000000000000	-8.403355944314498
0.374000000000000	-8.394956929186664
0.375000000000000	-8.386205063850499
0.376000000000000	-8.377073741317501
0.377000000000000	-8.367514284573998
0.378000000000000	-8.357526505385334
0.379000000000000	-8.347154758457668
0.380000000000000	-8.336421568786834
0.381000000000000	-8.325292409158834
0.382000000000000	-8.313718237853832
0.383000000000000	-8.301704569907001
0.384000000000000	-8.289331234836668
0.385000000000000	-8.276694420498332
0.386000000000000	-8.263815594399667
0.387000000000000	-8.250615647878833
0.388000000000000	-8.237003798928001
0.389000000000000	-8.222986265358832
0.390000000000000	-8.208672732670335
0.391000000000000	-8.194192623137333
0.392000000000000	-8.179621568300666
0.393000000000000	-8.164969097978666
0.394000000000000	-8.150200920746499
0.395000000000000	-8.135266242283834
0.396000000000000	-8.120109430164499
0.397000000000000	-8.104677203020501
0.398000000000000	-8.088949979520832
0.399000000000000	-8.072960704660000
0.400000000000000	-8.056768679589666
0.401000000000000	-8.040413707908501
0.402000000000000	-8.023891167616666
0.403000000000000	-8.007177346776501
0.404000000000000	-7.990274241813165
0.405000000000000	-7.973220634020834
0.406000000000000	-7.956077813375334
0.407000000000000	-7.938915909364500
0.408000000000000	-7.921792919233000
0.409000000000000	-7.904732122708000
0.410000000000000	-7.887724131135667
0.411000000000000	-7.870755504891167
0.412000000000000	-7.853838662614666
0.413000000000000	-7.837000069181666
0.414000000000000	-7.820234604301000
0.415000000000000	-7.803506117119333
0.416000000000000	-7.786794294454499
0.417000000000000	-7.770113047751000
0.418000000000000	-7.753495152221834
0.419000000000000	-7.736964994910333
0.420000000000000	-7.720510279122833
0.421000000000000	-7.704090332262166
0.422000000000000	-7.687688458931500
0.423000000000000	-7.671349796809000
0.424000000000000	-7.655153592054333
0.425000000000000	-7.639146019083333
0.426000000000000	-7.623309578106500
0.427000000000000	-7.607601385584501
0.428000000000000	-7.592005138562167
0.429000000000000	-7.576531354606501
0.430000000000000	-7.561180771685833
0.431000000000000	-7.545939726602001
0.432000000000000	-7.530823705132501
0.433000000000000	-7.515900102903500
0.434000000000000	-7.501254763977666
0.435000000000000	-7.486948710894833
0.436000000000000	-7.472996736762667
0.437000000000000	-7.459364107561835
0.438000000000000	-7.445990161412500
0.439000000000000	-7.432842429192667
0.440000000000000	-7.419958763845167
0.441000000000000	-7.407432483691167
0.442000000000000	-7.395346174931000
0.443000000000000	-7.383708992470834
0.444000000000000	-7.372466997850999
0.445000000000000	-7.361569785083500
0.446000000000000	-7.351007779671833
0.447000000000000	-7.340793407169000
0.448000000000000	-7.330928047579334
0.449000000000000	-7.321410919514999
0.450000000000000	-7.312273813152832
0.451000000000000	-7.303571226272666
0.452000000000000	-7.295326001763499
0.453000000000000	-7.287497924086168
0.454000000000000	-7.280033137925000
0.455000000000000	-7.272946643244334
0.456000000000000	-7.266319722896665
0.457000000000000	-7.260214819015999
0.458000000000000	-7.254618595497166
0.459000000000000	-7.249468603841501
0.460000000000000	-7.244722848727501
0.461000000000000	-7.240405765259333
0.462000000000000	-7.236594578483999
0.463000000000000	-7.233351409492166
0.464000000000000	-7.230659886146333
0.465000000000000	-7.228431667075166
0.466000000000000	-7.226580107074834
0.467000000000000	-7.225082979302666
0.468000000000000	-7.223962806979834
0.469000000000000	-7.223217869990168
0.470000000000000	-7.222788152014165
0.471000000000000	-7.222578156256333
0.472000000000000	-7.222508474157666
0.473000000000000	-7.222567423787335
0.474000000000000	-7.222828762891667
0.475000000000000	-7.223412328986332
0.476000000000000	-7.224421418080833
0.477000000000000	-7.225925965677834
0.478000000000000	-7.228000151873000
0.479000000000000	-7.230739688978333
0.480000000000000	-7.234218350236167
0.481000000000000	-7.238448885163333
0.482000000000000	-7.243401989074834
0.483000000000000	-7.249041029022166
0.484000000000000	-7.255331227298000
0.485000000000000	-7.262226927901334
0.486000000000000	-7.269644912142834
0.487000000000000	-7.277463728046000
0.488000000000000	-7.285583715166666
0.489000000000000	-7.293988393168834
0.490000000000000	-7.302727126550501
0.491000000000000	-7.311840863810166
0.492000000000000	-7.321324155036167
0.493000000000000	-7.331151385693500
0.494000000000000	-7.341306223155332
0.495000000000000	-7.351778613997166
0.496000000000000	-7.362547468209333
0.497000000000000	-7.373566615760500
0.498000000000000	-7.384773461453334
0.499000000000000	-7.396131186414166
0.500000000000000	-7.407658924452167
0.501000000000000	-7.419403684701667
0.502000000000000	-7.431391059319167
0.503000000000000	-7.443614572953000
0.504000000000000	-7.456056748116500
0.505000000000000	-7.468707399434000
0.506000000000000	-7.481575422112333
0.507000000000000	-7.494691404213666
0.508000000000000	-7.508077241294500
0.509000000000000	-7.521704551052667
0.510000000000000	-7.535512473424500
0.511000000000000	-7.549467225070501
0.512000000000000	-7.563569674537668
0.513000000000000	-7.577810320875167
0.514000000000000	-7.592157069372333
0.515000000000000	-7.606587847807334
0.516000000000000	-7.621115216483499
0.517000000000000	-7.635785946016334
0.518000000000000	-7.650648229658167
0.519000000000000	-7.665706040480334
0.520000000000000	-7.680901999043833
0.521000000000000	-7.696134863238334
0.522000000000000	-7.711321637277000
0.523000000000000	-7.726466257249165
0.524000000000000	-7.741630545523667
0.525000000000000	-7.756828829033334
0.526000000000000	-7.772002934472167
0.527000000000000	-7.787104573786166
0.528000000000000	-7.802150482235334
0.529000000000000	-7.817184640909168
0.530000000000000	-7.832212471379667
0.531000000000000	-7.847183293522666
0.532000000000000	-7.862030146656000
0.533000000000000	-7.876733747652001
0.534000000000000	-7.891349523675500
0.535000000000000	-7.905949701988500
0.536000000000000	-7.920546519512000
0.537000000000000	-7.935095306809333
0.538000000000000	-7.949553951049833
0.539000000000000	-7.963916085227333
0.540000000000000	-7.978189705489001
0.541000000000000	-7.992353797266001
0.542000000000000	-8.006351920165834
0.543000000000000	-8.020119902822668
0.544000000000000	-8.033607690046166
0.545000000000000	-8.046808832415001
0.546000000000000	-8.059775660160499
0.547000000000000	-8.072570345714000
0.548000000000000	-8.085211316465498
0.549000000000000	-8.097691513283166
0.550000000000000	-8.110018082637835
0.551000000000000	-8.122204522138667
0.552000000000000	-8.134244355909500
0.553000000000000	-8.146108638849166
0.554000000000000	-8.157762470918000
0.555000000000000	-8.169198926677000
0.556000000000000	-8.180468677711167
0.557000000000000	-8.191642521652499
0.558000000000000	-8.202717958914999
0.559000000000000	-8.213583556295001
0.560000000000000	-8.224105184753167
0.561000000000000	-8.234244307942333
0.562000000000000	-8.244078618103833
0.563000000000000	-8.253714170422834
0.564000000000000	-8.263179967602168
0.565000000000000	-8.272412741398165
0.566000000000000	-8.281354069266333
0.567000000000000	-8.290027722793168
0.568000000000000	-8.298490458451832
0.569000000000000	-8.306744931458498
0.570000000000000	-8.314735274424168
0.571000000000000	-8.322416507989333
0.572000000000000	-8.329810635770000
0.573000000000000	-8.336991827849333
0.574000000000000	-8.344022789473501
0.575000000000000	-8.350894488061167
0.576000000000000	-8.357524303430999
0.577000000000000	-8.363826803438334
0.578000000000000	-8.369779146247833
0.579000000000000	-8.375417348449501
0.580000000000000	-8.380793658652001
0.581000000000000	-8.385942206999500
0.582000000000000	-8.390858550704666
0.583000000000000	-8.395514274762000
0.584000000000000	-8.399911607241835
0.585000000000000	-8.404096196945000
0.586000000000000	-8.408105691436500
0.587000000000000	-8.411928725609000
0.588000000000000	-8.415517105774500
0.589000000000000	-8.418839362031832
0.590000000000000	-8.421906811130834
0.591000000000000	-8.424725509283165
0.592000000000000	-8.427258649979832
0.593000000000000	-8.429475334241166
0.594000000000000	-8.431404737084167
0.595000000000000	-8.433115684779166
0.596000000000000	-8.434665455641333
0.597000000000000	-8.436077457561501
0.598000000000000	-8.437351762656833
0.599000000000000	-8.438486246595167
0.600000000000000	-8.439485161595167
0.601000000000000	-8.440344747760667
0.602000000000000	-8.441043026423833
0.603000000000000	-8.441557143400498
0.604000000000000	-8.441883904298834
0.605000000000000	-8.442049248606500
0.606000000000000	-8.442110399692501
0.607000000000000	-8.442141199481666
0.608000000000000	-8.442196212715167
0.609000000000000	-8.442263319005333
0.610000000000000	-8.442263111268835
0.611000000000000	-8.442132801138833
0.612000000000000	-8.441891182797333
0.613000000000000	-8.441586270487832
0.614000000000000	-8.441195175965166
0.615000000000000	-8.440609535080666
0.616000000000000	-8.439720641244501
0.617000000000000	-8.438495288634167
0.618000000000000	-8.436975946827502
0.619000000000000	-8.435224903282000
0.620000000000000	-8.433268288709668
0.621000000000000	-8.431101305216000
0.622000000000000	-8.428746216836332
0.623000000000000	-8.426280193939334
0.624000000000000	-8.423781042632500
0.625000000000000	-8.421249582524666
0.626000000000000	-8.418609739402166
0.627000000000000	-8.415798132438502
0.628000000000000	-8.412842582738835
0.629000000000000	-8.409829678382833
0.630000000000000	-8.406802836550666
0.631000000000000	-8.403728761055501
0.632000000000000	-8.400576637684834
0.633000000000000	-8.397395052244500
0.634000000000000	-8.394269377862832
0.635000000000000	-8.391224532983665
0.636000000000000	-8.388206240478999
0.637000000000000	-8.385133922031834
0.638000000000000	-8.381958822747833
0.639000000000000	-8.378698675273002
0.640000000000000	-8.375423730560668
0.641000000000000	-8.372198657050666
0.642000000000000	-8.369030297923834
0.643000000000000	-8.365863656114334
0.644000000000000	-8.362628596520167
0.645000000000000	-8.359312194169165
0.646000000000000	-8.355990085799499
0.647000000000000	-8.352755129663834
0.648000000000000	-8.349622429670168
0.649000000000000	-8.346541406540000
0.650000000000000	-8.343483423418833
0.651000000000000	-8.340480255386831
0.652000000000000	-8.337577169441001
0.653000000000000	-8.334770171586500
0.654000000000000	-8.332006974042669
0.655000000000000	-8.329244379421001
0.656000000000000	-8.326491449701166
0.657000000000000	-8.323797378754668
0.658000000000000	-8.321201973138335
0.659000000000000	-8.318695655145335
0.660000000000000	-8.316227284265001
0.661000000000000	-8.313768907109333
0.662000000000000	-8.311366708916166
0.663000000000000	-8.309099442521665
0.664000000000000	-8.307007319326001
0.665000000000000	-8.305076113594835
0.666000000000000	-8.303251111808168
0.667000000000000	-8.301462891474001
0.668000000000000	-8.299685304279999
0.669000000000000	-8.297958905559833
0.670000000000000	-8.296323022436166
0.671000000000000	-8.294766536928000
0.672000000000000	-8.293276607246332
0.673000000000000	-8.291894494638333
0.674000000000000	-8.290682652163167
0.675000000000000	-8.289640329205167
0.676000000000000	-8.288695864240500
0.677000000000000	-8.287787813784169
0.678000000000000	-8.286911772875833
0.679000000000000	-8.286097255617833
0.680000000000000	-8.285363177851499
0.681000000000000	-8.284684674064335
0.682000000000000	-8.284013671713833
0.683000000000000	-8.283346673427500
0.684000000000000	-8.282749912630832
0.685000000000000	-8.282300315428167
0.686000000000000	-8.282013938638499
0.687000000000000	-8.281841347295169
0.688000000000000	-8.281727227107167
0.689000000000000	-8.281659487148167
0.690000000000000	-8.281644340075999
0.691000000000000	-8.281652305445000
0.692000000000000	-8.281627975912167
0.693000000000000	-8.281543517085334
0.694000000000000	-8.281418541019001
0.695000000000000	-8.281305434668166
0.696000000000000	-8.281261435018834
0.697000000000000	-8.281320427223667
0.698000000000000	-8.281473011806167
0.699000000000000	-8.281665564979333
0.700000000000000	-8.281857611688666
0.701000000000000	-8.282076084234001
0.702000000000000	-8.282365910270833
0.703000000000000	-8.282724408974167
0.704000000000000	-8.283124844857833
0.705000000000000	-8.283573683319501
0.706000000000000	-8.284127194836001
0.707000000000000	-8.284853070649501
0.708000000000000	-8.285764385648001
0.709000000000000	-8.286792285880667
0.710000000000000	-8.287837485228833
0.711000000000000	-8.288849573784832
0.712000000000000	-8.289860881429998
0.713000000000000	-8.290944420528165
0.714000000000000	-8.292114931378999
0.715000000000000	-8.293289587262667
0.716000000000000	-8.294390820456831
0.717000000000000	-8.295449174818666
0.718000000000000	-8.296555983364833
0.719000000000000	-8.297750683369999
0.720000000000000	-8.298979149707835
0.721000000000000	-8.300145363628166
0.722000000000000	-8.301207533208499
0.723000000000000	-8.302214942695334
0.724000000000000	-8.303233006768000
0.725000000000000	-8.304255931898334
0.726000000000000	-8.305212951947000
0.727000000000000	-8.306046655799667
0.728000000000000	-8.306763828709167
0.729000000000000	-8.307407861641833
0.730000000000000	-8.308011701176833
0.731000000000000	-8.308589516672333
0.732000000000000	-8.309146502832833
0.733000000000000	-8.309676127010667
0.734000000000000	-8.310156367296333
0.735000000000000	-8.310569827631333
0.736000000000000	-8.310917664299668
0.737000000000000	-8.311196674424332
0.738000000000000	-8.311393741342167
0.739000000000000	-8.311520729854500
0.740000000000000	-8.311619734988833
0.741000000000000	-8.311714916274168
0.742000000000000	-8.311781106063000
0.743000000000000	-8.311764954013500
0.744000000000000	-8.311625230609002
0.745000000000000	-8.311353024148501
0.746000000000000	-8.310937856168001
0.747000000000000	-8.310314767859167
0.748000000000000	-8.309385374630667
0.749000000000000	-8.308106071060999
0.750000000000000	-8.306528263321001
0.751000000000000	-8.304737276483834
0.752000000000000	-8.302772831294833
0.753000000000000	-8.300624455791168
0.754000000000000	-8.298284023849668
0.755000000000000	-8.295780084710666
0.756000000000000	-8.293161946002167
0.757000000000000	-8.290454193618666
0.758000000000000	-8.287620816410334
0.759000000000000	-8.284571013368167
0.760000000000000	-8.281214167617167
0.761000000000000	-8.277531121715500
0.762000000000000	-8.273590201966334
0.763000000000000	-8.269475904935666
0.764000000000000	-8.265207785361167
0.765000000000000	-8.260731421728167
0.766000000000000	-8.255971343832334
0.767000000000000	-8.250909858150665
0.768000000000000	-8.245623338717001
0.769000000000000	-8.240206536266333
0.770000000000000	-8.234678384344667
0.771000000000000	-8.229003457907332
0.772000000000000	-8.223166595519500
0.773000000000000	-8.217178702237000
0.774000000000000	-8.211047894226667
0.775000000000000	-8.204785743320000
0.776000000000000	-8.198410511343500
0.777000000000000	-8.191934542197666
0.778000000000000	-8.185381473435999
0.779000000000000	-8.178794024814000
0.780000000000000	-8.172190631409002
0.781000000000000	-8.165539097919167
0.782000000000000	-8.158783337402666
0.783000000000000	-8.151896605348167
0.784000000000000	-8.144932704522168
0.785000000000000	-8.137998542242334
0.786000000000000	-8.131137871587500
0.787000000000000	-8.124263374397332
0.788000000000000	-8.117235495337667
0.789000000000000	-8.109999028396667
0.790000000000000	-8.102609096681000
0.791000000000000	-8.095133273328667
0.792000000000000	-8.087570355395334
0.793000000000000	-8.079868978574334
0.794000000000000	-8.071991013371667
0.795000000000000	-8.063936366135001
0.796000000000000	-8.055735580605001
0.797000000000000	-8.047440256442499
0.798000000000000	-8.039102265592666
0.799000000000000	-8.030759730695335
0.800000000000000	-8.022456732888166
0.801000000000000	-8.014256712695334
0.802000000000000	-8.006191106844167
0.803000000000000	-7.998195402793001
0.804000000000000	-7.990131542853667
0.805000000000000	-7.981886811700668
0.806000000000000	-7.973452419549499
0.807000000000000	-7.964905174773666
0.808000000000000	-7.956320817056334
0.809000000000000	-7.947717019359668
0.810000000000000	-7.939079782485000
0.811000000000000	-7.930426723046668
0.812000000000000	-7.921807833534834
0.813000000000000	-7.913242036875167
0.814000000000000	-7.904692519243334
0.815000000000000	-7.896117246560000
0.816000000000000	-7.887528937828667
0.817000000000000	-7.878998993177667
0.818000000000000	-7.870601480926999
0.819000000000000	-7.862348942010001
0.820000000000000	-7.854179247579334
0.821000000000000	-7.846010278240168
0.822000000000000	-7.837814292061666
0.823000000000000	-7.829636550836501
0.824000000000000	-7.821544486396334
0.825000000000000	-7.813564736303166
0.826000000000000	-7.805666129522500
0.827000000000000	-7.797807667315666
0.828000000000000	-7.789995374103166
0.829000000000000	-7.782270558088666
0.830000000000000	-7.774665798017499
0.831000000000000	-7.767193133279167
0.832000000000000	-7.759847286064834
0.833000000000000	-7.752626464098666
0.834000000000000	-7.745561842431166
0.835000000000000	-7.738697930552665
0.836000000000000	-7.732040759831834
0.837000000000000	-7.725544704436334
0.838000000000000	-7.719158064665000
0.839000000000000	-7.712873820730335
0.840000000000000	-7.706726372401334
0.841000000000000	-7.700753153508167
0.842000000000000	-7.694974170443833
0.843000000000000	-7.689395498662834
0.844000000000000	-7.684021477558834
0.845000000000000	-7.678868342179499
0.846000000000000	-7.673962015672500
0.847000000000000	-7.669313364522334
0.848000000000000	-7.664889944398166
0.849000000000000	-7.660634007502168
0.850000000000000	-7.656529730661667
0.851000000000000	-7.652616324405666
0.852000000000000	-7.648925460562833
0.853000000000000	-7.645443056747001
0.854000000000000	-7.642127827524334
0.855000000000000	-7.638955524790333
0.856000000000000	-7.635952043360668
0.857000000000000	-7.633175881107000
0.858000000000000	-7.630664192197167
0.859000000000000	-7.628407464679333
0.860000000000000	-7.626380650566667
0.861000000000000	-7.624572982542834
0.862000000000000	-7.622980538861333
0.863000000000000	-7.621604334114667
0.864000000000000	-7.620447996355334
0.865000000000000	-7.619496923026667
0.866000000000000	-7.618730034517999
0.867000000000000	-7.618151000793834
0.868000000000000	-7.617770881518333
0.869000000000000	-7.617561442670667
0.870000000000000	-7.617442759541667
0.871000000000000	-7.617324359370333
0.872000000000000	-7.617171578201500
0.873000000000000	-7.617043784549833
0.874000000000000	-7.617062797668500
0.875000000000000	-7.617328547234334
0.876000000000000	-7.617867480206333
0.877000000000000	-7.618667551849167
0.878000000000000	-7.619745683096666
0.879000000000000	-7.621171808188334
0.880000000000000	-7.623032353242333
0.881000000000000	-7.625372205091165
0.882000000000000	-7.628178874264168
0.883000000000000	-7.631418058150666
0.884000000000000	-7.635061419621667
0.885000000000000	-7.639084962227167
0.886000000000000	-7.643462179278834
0.887000000000000	-7.648154709002000
0.888000000000000	-7.653125439912667
0.889000000000000	-7.658388871237833
0.890000000000000	-7.664017584080334
0.891000000000000	-7.670057308836166
0.892000000000000	-7.676452468858500
0.893000000000000	-7.683075933034332
0.894000000000000	-7.689817112785167
0.895000000000000	-7.696651158702000
0.896000000000000	-7.703635257077167
0.897000000000000	-7.710816298052500
0.898000000000000	-7.718162648418001
0.899000000000000	-7.725613004885833
0.900000000000000	-7.733157583661833
0.901000000000000	-7.740844381874333
0.902000000000000	-7.748718264482501
0.903000000000000	-7.756777084939000
0.904000000000000	-7.764987148100334
0.905000000000000	-7.773316918166334
0.906000000000000	-7.781754729495166
0.907000000000000	-7.790309646128833
0.908000000000000	-7.798993705782166
0.909000000000000	-7.807809760719501
0.910000000000000	-7.816770370619333
0.911000000000000	-7.825904905285666
0.912000000000000	-7.835230458832666
0.913000000000000	-7.844733710394166
0.914000000000000	-7.854373659344001
0.915000000000000	-7.864094244407500
0.916000000000000	-7.873859283735001
0.917000000000000	-7.883676900872001
0.918000000000000	-7.893574142855667
0.919000000000000	-7.903550389261667
0.920000000000000	-7.913567005299001
0.921000000000000	-7.923594533614833
0.922000000000000	-7.933669487686832
0.923000000000000	-7.943884049230501
0.924000000000000	-7.954296642559167
0.925000000000000	-7.964859513756334
0.926000000000000	-7.975455259241167
0.927000000000000	-7.985990390346333
0.928000000000000	-7.996441394169668
0.929000000000000	-8.006837017517833
0.930000000000000	-8.017216022211333
0.931000000000000	-8.027589520557166
0.932000000000000	-8.037925370384832
0.933000000000000	-8.048176775914167
0.934000000000000	-8.058335974423168
0.935000000000000	-8.068443548758166
0.936000000000000	-8.078551064108501
0.937000000000000	-8.088697066943835
0.938000000000000	-8.098902940959166
0.939000000000000	-8.109175486598167
0.940000000000000	-8.119517908421166
0.941000000000000	-8.129931505178499
0.942000000000000	-8.140406504579332
0.943000000000000	-8.150907608051833
0.944000000000000	-8.161371162186500
0.945000000000000	-8.171758396966501
0.946000000000000	-8.182104472129835
0.947000000000000	-8.192460506986834
0.948000000000000	-8.202815408760166
0.949000000000000	-8.213129734439667
0.950000000000000	-8.223410075974167
0.951000000000000	-8.233701850362666
0.952000000000000	-8.244026186512166
0.953000000000000	-8.254334393476166
0.954000000000000	-8.264521351104834
0.955000000000000	-8.274512215845167
0.956000000000000	-8.284339611515001
0.957000000000000	-8.294109164445834
0.958000000000000	-8.303881266107334
0.959000000000000	-8.313600184873167
0.960000000000000	-8.323163137413667
0.961000000000000	-8.332541285630168
0.962000000000000	-8.341796532599334
0.963000000000000	-8.350993335052333
0.964000000000000	-8.360114764801834
0.965000000000000	-8.369072048451168
0.966000000000000	-8.377797524897668
0.967000000000000	-8.386304731290000
0.968000000000000	-8.394661618792334
0.969000000000000	-8.402942674624667
0.970000000000000	-8.411194182870501
0.971000000000000	-8.419408021962832
0.972000000000000	-8.427538889372833
0.973000000000000	-8.435544858452500
0.974000000000000	-8.443382054810499
0.975000000000000	-8.450994786652002
0.976000000000000	-8.458361419617166
0.977000000000000	-8.465529769961499
0.978000000000000	-8.472583790980002
0.979000000000000	-8.479587620743500
0.980000000000000	-8.486549587509499
0.981000000000000	-8.493420513200000
0.982000000000000	-8.500136443870334
0.983000000000000	-8.506668851933833
0.984000000000000	-8.513040041814501
0.985000000000000	-8.519289201430000
0.986000000000000	-8.525401776276501
0.987000000000000	-8.531289052212832
0.988000000000000	-8.536877720127999
0.989000000000000	-8.542202423641001
0.990000000000000	-8.547368711740166
0.991000000000000	-8.552446022566334
0.992000000000000	-8.557433587389836
0.993000000000000	-8.562293017125333
0.994000000000000	-8.566975769835333
0.995000000000000	-8.571448904594499
0.996000000000000	-8.575723290303499
0.997000000000000	-8.579843833627834
0.998000000000000	-8.583834233630000
0.999000000000000	-8.587675409295335
1.000000000000000	-8.591354225005500
1.001000000000000	-8.594892134025333
1.002000000000000	-8.598304757191334
1.003000000000000	-8.601561185774500
1.004000000000000	-8.604608076599334
1.005000000000000	-8.607428566085835
1.006000000000000	-8.610062876241834
1.007000000000000	-8.612579259445500
1.008000000000000	-8.615020934260000
1.009000000000000	-8.617359759201833
1.010000000000000	-8.619519960958000
1.011000000000000	-8.621478183393833
1.012000000000000	-8.623321571733001
1.013000000000000	-8.625169035750000
1.014000000000000	-8.627045609720334
1.015000000000000	-8.628871978641501
1.016000000000000	-8.630562445001834
1.017000000000000	-8.632099235503501
1.018000000000000	-8.633512567743667
1.019000000000000	-8.634797888049832
1.020000000000000	-8.635885426501000
1.021000000000000	-8.636719880636834
1.022000000000000	-8.637337835157501
1.023000000000000	-8.637846237620167
1.024000000000000	-8.638348359326168
1.025000000000000	-8.638877884625334
1.026000000000000	-8.639388599654666
1.027000000000000	-8.639825084565167
1.028000000000000	-8.640185042010833
1.029000000000000	-8.640502051530168
1.030000000000000	-8.640795400059501
1.031000000000000	-8.641042601502500
1.032000000000000	-8.641195837268834
1.033000000000000	-8.641229628308500
1.034000000000000	-8.641182204979000
1.035000000000000	-8.641134377143168
1.036000000000000	-8.641121316039166
1.037000000000000	-8.641087853092001
1.038000000000000	-8.640943886806666
1.039000000000000	-8.640639549922499
1.040000000000000	-8.640185009780169
1.041000000000000	-8.639620657427999
1.042000000000000	-8.638988882771001
1.043000000000000	-8.638314715916332
1.044000000000000	-8.637573248578500
1.045000000000000	-8.636688101563999
1.046000000000000	-8.635595046622166
1.047000000000000	-8.634293468420834
1.048000000000000	-8.632821604288665
1.049000000000000	-8.631214256871665
1.050000000000000	-8.629492750543168
1.051000000000000	-8.627661856582668
1.052000000000000	-8.625709535693668
1.053000000000000	-8.623615499120668
1.054000000000000	-8.621362899518667
1.055000000000000	-8.618965613502166
1.056000000000000	-8.616488110335499
1.057000000000000	-8.614014148533167
1.058000000000000	-8.611592339728334
1.059000000000000	-8.609221742173666
1.060000000000000	-8.606888415771833
1.061000000000000	-8.604606444687500
1.062000000000000	-8.602410703349500
1.063000000000000	-8.600309497026666
1.064000000000000	-8.598263781741835
1.065000000000000	-8.596222328502668
1.066000000000000	-8.594174326872333
1.067000000000000	-8.592167502539168
1.068000000000000	-8.590263796155666
1.069000000000000	-8.588477348617166
1.070000000000000	-8.586770431971999
1.071000000000000	-8.585100961374000
1.072000000000000	-8.583467173578333
1.073000000000000	-8.581911155844667
1.074000000000000	-8.580475180802834
1.075000000000000	-8.579156746888168
1.076000000000000	-8.577901465799499
1.077000000000000	-8.576646518707834
1.078000000000000	-8.575396055148501
1.079000000000000	-8.574234255284999
1.080000000000000	-8.573242516530334
1.081000000000000	-8.572426473038833
1.082000000000000	-8.571729132873335
1.083000000000000	-8.571099435458168
1.084000000000000	-8.570536616258167
1.085000000000000	-8.570059146082166
1.086000000000000	-8.569648688619333
1.087000000000000	-8.569251536601501
1.088000000000000	-8.568829517328334
1.089000000000000	-8.568399305996833
1.090000000000000	-8.568024844516833
1.091000000000000	-8.567764880785502
1.092000000000000	-8.567620924993333
1.093000000000000	-8.567539736082333
1.094000000000000	-8.567472731450001
1.095000000000000	-8.567426006009333
1.096000000000000	-8.567435512287334
1.097000000000000	-8.567503594418334
1.098000000000000	-8.567584489321668
1.099000000000000	-8.567638877313334
1.100000000000000	-8.567702190306832
1.101000000000000	-8.567888968992833
1.102000000000000	-8.568310197941001
1.103000000000000	-8.568989865170332
1.104000000000000	-8.569875417563166
1.105000000000000	-8.570905765515500
1.106000000000000	-8.572058200746334
1.107000000000000	-8.573360966295333
1.108000000000000	-8.574856143470001
1.109000000000000	-8.576539458387501
1.110000000000000	-8.578368525033667
1.111000000000000	-8.580330021665501
1.112000000000000	-8.582475667014833
1.113000000000000	-8.584889749227498
1.114000000000000	-8.587607473159332
1.115000000000000	-8.590577386516999
1.116000000000000	-8.593730018956334
1.117000000000000	-8.597044157478166
1.118000000000000	-8.600529436072833
1.119000000000000	-8.604190400756833
1.120000000000000	-8.608016812221999
1.121000000000000	-8.612004635351832
1.122000000000000	-8.616181638895666
1.123000000000000	-8.620575341155501
1.124000000000000	-8.625156898515668
1.125000000000000	-8.629835649385667
1.126000000000000	-8.634502582222501
1.127000000000000	-8.639104999642667
1.128000000000000	-8.643688937832835
1.129000000000000	-8.648333922804667
1.130000000000000	-8.653050261600834
1.131000000000000	-8.657757995146168
1.132000000000000	-8.662359727740999
1.133000000000000	-8.666842625363334
1.134000000000000	-8.671303525745334
1.135000000000000	-8.675864353226999
1.136000000000000	-8.680586836385666
1.137000000000000	-8.685452247902333
1.138000000000000	-8.690385490617500
1.139000000000000	-8.695325227413834
1.140000000000000	-8.700291331778502
1.141000000000000	-8.705352850519168
1.142000000000000	-8.710536563655834
1.143000000000000	-8.715804030761833
1.144000000000000	-8.721102511736001
1.145000000000000	-8.726412481860667
1.146000000000000	-8.731749174824834
1.147000000000000	-8.737127936422501
1.148000000000000	-8.742541815001168
1.149000000000000	-8.747974051400334
1.150000000000000	-8.753418026037000
1.151000000000000	-8.758869156491834
1.152000000000000	-8.764304980348667
1.153000000000000	-8.769691049955000
1.154000000000000	-8.775001912024500
1.155000000000000	-8.780237792817333
1.156000000000000	-8.785427129975000
1.157000000000000	-8.790616972668667
1.158000000000000	-8.795856021995666
1.159000000000000	-8.801161562816835
1.160000000000000	-8.806496909156666
1.161000000000000	-8.811798642079333
1.162000000000000	-8.817038252037833
1.163000000000000	-8.822239747527334
1.164000000000000	-8.827419211521168
1.165000000000000	-8.832535300271500
1.166000000000000	-8.837518111888834
1.167000000000000	-8.842334797689334
1.168000000000000	-8.847008273008500
1.169000000000000	-8.851570301383001
1.170000000000000	-8.856042705953833
1.171000000000000	-8.860469343214000
1.172000000000000	-8.864915039914333
1.173000000000000	-8.869428678228001
1.174000000000000	-8.874014989642500
1.175000000000000	-8.878629460797500
1.176000000000000	-8.883205046658834
1.177000000000000	-8.887689729206334
1.178000000000000	-8.892056289407501
1.179000000000000	-8.896291986053999
1.180000000000000	-8.900393526309331
1.181000000000000	-8.904361030444834
1.182000000000000	-8.908189111234334
1.183000000000000	-8.911865427679500
1.184000000000000	-8.915384246417000
1.185000000000000	-8.918764153203167
1.186000000000000	-8.922021951453667
1.187000000000000	-8.925117924268667
1.188000000000000	-8.927978702307501
1.189000000000000	-8.930591274471999
1.190000000000000	-8.933032759423833
1.191000000000000	-8.935390188565668
1.192000000000000	-8.937672156682835
1.193000000000000	-8.939822341941333
1.194000000000000	-8.941794350033000
1.195000000000000	-8.943579939926334
1.196000000000000	-8.945192653950999
1.197000000000000	-8.946645222212000
1.198000000000000	-8.947921586875834
1.199000000000000	-8.948979505323335
1.200000000000000	-8.949808446110668
1.201000000000000	-8.950461285193001
1.202000000000000	-8.950999732855834
1.203000000000000	-8.951435482366501
1.204000000000000	-8.951743060395668
1.205000000000000	-8.951920097907832
1.206000000000000	-8.952028251775333
1.207000000000000	-8.952148957749165
1.208000000000000	-8.952296013981000
1.209000000000000	-8.952404731917833
1.210000000000000	-8.952389240710501
1.211000000000000	-8.952172674606167
1.212000000000000	-8.951686228426334
1.213000000000000	-8.950877128231999
1.214000000000000	-8.949711405402834
1.215000000000000	-8.948156556647001
1.216000000000000	-8.946184720081334
1.217000000000000	-8.943814306885335
1.218000000000000	-8.941116567215000
1.219000000000000	-8.938151903298666
1.220000000000000	-8.934925597752333
1.221000000000000	-8.931409767625835
1.222000000000000	-8.927577684382667
1.223000000000000	-8.923425989736499
1.224000000000000	-8.918974332652168
1.225000000000000	-8.914229067684667
1.226000000000000	-8.909157216584335
1.227000000000000	-8.903711369268001
1.228000000000000	-8.897887418891834
1.229000000000000	-8.891749471129666
1.230000000000000	-8.885378878801667
1.231000000000000	-8.878818331343835
1.232000000000000	-8.872070187003001
1.233000000000000	-8.865120014582834
1.234000000000000	-8.857963481737833
1.235000000000000	-8.850604901960333
1.236000000000000	-8.843022442195499
1.237000000000000	-8.835170839612667
1.238000000000000	-8.827031211413001
1.239000000000000	-8.818636950458165
1.240000000000000	-8.810056342655999
1.241000000000000	-8.801351023966499
1.242000000000000	-8.792531873094500
1.243000000000000	-8.783556898564667
1.244000000000000	-8.774379494851667
1.245000000000000	-8.764995897226333
1.246000000000000	-8.755441697932332
1.247000000000000	-8.745751660750665
1.248000000000000	-8.735938401094833
1.249000000000000	-8.726004074338499
1.250000000000000	-8.715959780754835
1.251000000000000	-8.705829073400834
1.252000000000000	-8.695628045940334
1.253000000000000	-8.685336705366833
1.254000000000000	-8.674898197722833
1.255000000000000	-8.664264960072833
1.256000000000000	-8.653449313799667
1.257000000000000	-8.642516039102667
1.258000000000000	-8.631515362042167
1.259000000000000	-8.620431826700498
1.260000000000000	-8.609221018230667
1.261000000000000	-8.597887955819333
1.262000000000000	-8.586482690391835
1.263000000000000	-8.575017274147500
1.264000000000000	-8.563444610561668
1.265000000000000	-8.551729753226333
1.266000000000000	-8.539897662544501
1.267000000000000	-8.528007131928668
1.268000000000000	-8.516106907539500
1.269000000000000	-8.504215254400167
1.270000000000000	-8.492322062274168
1.271000000000000	-8.480407844970832
1.272000000000000	-8.468479871384666
1.273000000000000	-8.456591316546833
1.274000000000000	-8.444796247882334
1.275000000000000	-8.433089301533833
1.276000000000000	-8.421411826494500
1.277000000000000	-8.409704609851668
1.278000000000000	-8.397952018655666
1.279000000000000	-8.386195395707333
1.280000000000000	-8.374497472483334
1.281000000000000	-8.362884314602667
1.282000000000000	-8.351338496296167
1.283000000000000	-8.339843449218334
1.284000000000000	-8.328407861533000
1.285000000000000	-8.317050158210002
1.286000000000000	-8.305775612360835
1.287000000000000	-8.294567652671001
1.288000000000000	-8.283404299741333
1.289000000000000	-8.272304679648334
1.290000000000000	-8.261347922663999
1.291000000000000	-8.250604098398499
1.292000000000000	-8.240053634832167
1.293000000000000	-8.229605944245833
1.294000000000000	-8.219205607289000
1.295000000000000	-8.208906209461000
1.296000000000000	-8.198821038951001
1.297000000000000	-8.189019265279667
1.298000000000000	-8.179489572469668
1.299000000000000	-8.170198441951166
1.300000000000000	-8.161165216129167
1.301000000000000	-8.152454523808833
1.302000000000000	-8.144107811823334
1.303000000000000	-8.136098459012166
1.304000000000000	-8.128330901472333
1.305000000000000	-8.120695036039166
1.306000000000000	-8.113154491348501
1.307000000000000	-8.105764987225667
1.308000000000000	-8.098591640765001
1.309000000000000	-8.091636681616333
1.310000000000000	-8.084865207763999
1.311000000000000	-8.078285045790834
1.312000000000000	-8.071976578252333
1.313000000000000	-8.066022239420500
1.314000000000000	-8.060409312235668
1.315000000000000	-8.055043754875999
1.316000000000000	-8.049861678514001
1.317000000000000	-8.044879086842000
1.318000000000000	-8.040140283077500
1.319000000000000	-8.035650963548166
1.320000000000000	-8.031364597722167
1.321000000000000	-8.027236408784001
1.322000000000000	-8.023284906243667
1.323000000000000	-8.019592716110333
1.324000000000000	-8.016240301853665
1.325000000000000	-8.013234128317334
1.326000000000000	-8.010512631563000
1.327000000000000	-8.008019436977000
1.328000000000000	-8.005751222044500
1.329000000000000	-8.003743326585500
1.330000000000000	-8.002028317663999
1.331000000000000	-8.000594780039000
1.332000000000000	-7.999376374610502
1.333000000000000	-7.998301916591167
1.334000000000000	-7.997354783070500
1.335000000000000	-7.996574415489833
1.336000000000000	-7.996002530014500
1.337000000000000	-7.995618588196334
1.338000000000000	-7.995347531224667
1.339000000000000	-7.995140986739834
1.340000000000000	-7.995015224903834
1.341000000000000	-7.995014687922834
1.342000000000000	-7.995163362103668
1.343000000000000	-7.995449984544333
1.344000000000000	-7.995883161985333
1.345000000000000	-7.996559038188333
1.346000000000000	-7.997616072342834
1.347000000000000	-7.999118867880333
1.348000000000000	-8.001030765768833
1.349000000000000	-8.003290306591500
1.350000000000000	-8.005877497790667
1.351000000000000	-8.008805422156998
1.352000000000000	-8.012064665557498
1.353000000000000	-8.015596347471668
1.354000000000000	-8.019331098601665
1.355000000000000	-8.023246735476667
1.356000000000000	-8.027391787561834
1.357000000000000	-8.031848579652333
1.358000000000000	-8.036651168212169
1.359000000000000	-8.041740148500834
1.360000000000000	-8.046996727559332
1.361000000000000	-8.052307368937333
1.362000000000000	-8.057612464887001
1.363000000000000	-8.062914353417833
1.364000000000000	-8.068239193967168
1.365000000000000	-8.073609365991500
1.366000000000000	-8.079060633899834
1.367000000000000	-8.084648018313168
1.368000000000000	-8.090414238266666
1.369000000000000	-8.096363714869000
1.370000000000000	-8.102460187576334
1.371000000000000	-8.108633680557498
1.372000000000000	-8.114811140111833
1.373000000000000	-8.120975288442333
1.374000000000000	-8.127167086880334
1.375000000000000	-8.133409377254168
1.376000000000000	-8.139672776390833
1.377000000000000	-8.145919708832167
1.378000000000000	-8.152151412715833
1.379000000000000	-8.158405269779166
1.380000000000000	-8.164693014961667
1.381000000000000	-8.170950995343000
1.382000000000000	-8.177081973486834
1.383000000000000	-8.183049421705501
1.384000000000000	-8.188908435161332
1.385000000000000	-8.194730255792999
1.386000000000000	-8.200518536514833
1.387000000000000	-8.206216947664000
1.388000000000000	-8.211777554917667
1.389000000000000	-8.217197968037835
1.390000000000000	-8.222499541144167
1.391000000000000	-8.227691589936834
1.392000000000000	-8.232756680816502
1.393000000000000	-8.237669230999332
1.394000000000000	-8.242440155751668
1.395000000000000	-8.247123836744667
1.396000000000000	-8.251761071697333
1.397000000000000	-8.256334709287833
1.398000000000000	-8.260782823203167
1.399000000000000	-8.265045749801333
1.400000000000000	-8.269107148415666
1.401000000000000	-8.272983505946000
1.402000000000000	-8.276679911786665
1.403000000000000	-8.280165335849334
1.404000000000000	-8.283389231431833
1.405000000000000	-8.286337791843332
1.406000000000000	-8.289064860779000
1.407000000000000	-8.291644894489501
1.408000000000000	-8.294091757840333
1.409000000000000	-8.296320450825833
1.410000000000000	-8.298218749286999
1.411000000000000	-8.299768796791833
1.412000000000000	-8.301059969881999
1.413000000000000	-8.302193966805668
1.414000000000000	-8.303210680400332
1.415000000000000	-8.304091441686500
1.416000000000000	-8.304808109568500
1.417000000000000	-8.305363810433667
1.418000000000000	-8.305800576327501
1.419000000000000	-8.306161650796334
1.420000000000000	-8.306431631922999
1.421000000000000	-8.306547237723999
1.422000000000000	-8.306485992417999
1.423000000000000	-8.306294594238167
1.424000000000000	-8.306000386583166
1.425000000000000	-8.305530586828001
1.426000000000000	-8.304746485530334
1.427000000000000	-8.303534285195832
1.428000000000000	-8.301841128278166
1.429000000000000	-8.299657582432333
1.430000000000000	-8.297004884284833
1.431000000000000	-8.293917399298501
1.432000000000000	-8.290407702969333
1.433000000000000	-8.286461515941332
1.434000000000000	-8.282075112098001
1.435000000000000	-8.277273709535834
1.436000000000000	-8.272077562368834
1.437000000000000	-8.266470639400167
1.438000000000000	-8.260425538019000
1.439000000000000	-8.253957407974333
1.440000000000000	-8.247144711713000
1.441000000000000	-8.240078447379501
1.442000000000000	-8.232785295762334
1.443000000000000	-8.225223182049000
1.444000000000000	-8.217344190469499
1.445000000000000	-8.209144878251832
1.446000000000000	-8.200667684461665
1.447000000000000	-8.191960564499501
1.448000000000000	-8.183047796541333
1.449000000000000	-8.173951979530834
1.450000000000000	-8.164712996434666
1.451000000000000	-8.155354380867832
1.452000000000000	-8.145848835133000
1.453000000000000	-8.136126406306000
1.454000000000000	-8.126110866508334
1.455000000000000	-8.115772106403165
1.456000000000000	-8.105152246065002
1.457000000000000	-8.094325258720501
1.458000000000000	-8.083331921621999
1.459000000000000	-8.072150373580334
1.460000000000000	-8.060720849271666
1.461000000000000	-8.049007459446001
1.462000000000000	-8.037044879870999
1.463000000000000	-8.024918464538500
1.464000000000000	-8.012683026392667
1.465000000000000	-8.000312250456666
1.466000000000000	-7.987759202218666
1.467000000000000	-7.975051073860333
1.468000000000000	-7.962274239843500
1.469000000000000	-7.949470615391000
1.470000000000000	-7.936602668348500
1.471000000000000	-7.923614104697500
1.472000000000000	-7.910483333027667
1.473000000000000	-7.897227355938167
1.474000000000000	-7.883869703235000
1.475000000000000	-7.870404945067000
1.476000000000000	-7.856801699088998
1.477000000000000	-7.843039566389000
1.478000000000000	-7.829139070575334
1.479000000000000	-7.815156371726000
1.480000000000000	-7.801133299352999
1.481000000000000	-7.787049657289167
1.482000000000000	-7.772859241134333
1.483000000000000	-7.758569666835833
1.484000000000000	-7.744235884557834
1.485000000000000	-7.729873510550333
1.486000000000000	-7.715433066398500
1.487000000000000	-7.700873057781334
1.488000000000000	-7.686214699456500
1.489000000000000	-7.671518736785667
1.490000000000000	-7.656849991855334
1.491000000000000	-7.642265978892333
1.492000000000000	-7.627804272007001
1.493000000000000	-7.613464543910833
1.494000000000000	-7.599203759408166
1.495000000000000	-7.584942129771167
1.496000000000000	-7.570585694372334
1.497000000000000	-7.556094397525167
1.498000000000000	-7.541538077046167
1.499000000000000	-7.527057527339501
1.500000000000000	-7.512780609856834
1.501000000000000	-7.498777588559332
1.502000000000000	-7.485056774453000
1.503000000000000	-7.471565697274333
1.504000000000000	-7.458208228981667
1.505000000000000	-7.444909238878165
1.506000000000000	-7.431669865682999
1.507000000000000	-7.418538934151999
1.508000000000000	-7.405560986674334
1.509000000000000	-7.392765819815833
1.510000000000000	-7.380161931579168
1.511000000000000	-7.367733200072166
1.512000000000000	-7.355464738762667
1.513000000000000	-7.343364529168166
1.514000000000000	-7.331459008489500
1.515000000000000	-7.319785483209333
1.516000000000000	-7.308393473292668
1.517000000000000	-7.297343051167499
1.518000000000000	-7.286677166077001
1.519000000000000	-7.276368387420001
1.520000000000000	-7.266304816693167
1.521000000000000	-7.256363897806668
1.522000000000000	-7.246511960653667
1.523000000000000	-7.236823173993000
1.524000000000000	-7.227400333712666
1.525000000000000	-7.218295105267832
1.526000000000000	-7.209510137169500
1.527000000000000	-7.201042886979667
1.528000000000000	-7.192902809752167
1.529000000000000	-7.185104779119333
1.530000000000000	-7.177651109193999
1.531000000000000	-7.170511179606667
1.532000000000000	-7.163638940197667
1.533000000000000	-7.157027161445666
1.534000000000000	-7.150721656989333
1.535000000000000	-7.144766946668999
1.536000000000000	-7.139155040571001
1.537000000000000	-7.133830706341833
1.538000000000000	-7.128753528372666
1.539000000000000	-7.123961089823166
1.540000000000000	-7.119542270794999
1.541000000000000	-7.115534752079333
1.542000000000000	-7.111869120211334
1.543000000000000	-7.108432047926168
1.544000000000000	-7.105173847935499
1.545000000000000	-7.102140347395999
1.546000000000000	-7.099424729994500
1.547000000000000	-7.097095972591667
1.548000000000000	-7.095146797441667
1.549000000000000	-7.093522593085168
1.550000000000000	-7.092200850052334
1.551000000000000	-7.091202985273333
1.552000000000000	-7.090531896978834
1.553000000000000	-7.090112599886001
1.554000000000000	-7.089806866519500
1.555000000000000	-7.089508829241500
1.556000000000000	-7.089220274258167
1.557000000000000	-7.089040835521167
1.558000000000000	-7.089103712971666
1.559000000000000	-7.089510693943666
1.560000000000000	-7.090317910547666
1.561000000000000	-7.091572413231333
1.562000000000000	-7.093332044671667
1.563000000000000	-7.095631139813666
1.564000000000000	-7.098440509762999
1.565000000000000	-7.101681152379832
1.566000000000000	-7.105297665691000
1.567000000000000	-7.109307149705999
1.568000000000000	-7.113761862996999
1.569000000000000	-7.118697245839333
1.570000000000000	-7.124115844490500
1.571000000000000	-7.129988826288333
1.572000000000000	-7.136272086902500
1.573000000000000	-7.142931940230000
1.574000000000000	-7.149947376546000
1.575000000000000	-7.157283194604500
1.576000000000000	-7.164891351830334
1.577000000000000	-7.172752906401833
1.578000000000000	-7.180899947086833
1.579000000000000	-7.189376397372500
1.580000000000000	-7.198174468891334
1.581000000000000	-7.207228735830166
1.582000000000000	-7.216461562940499
1.583000000000000	-7.225825216928667
1.584000000000000	-7.235329455247334
1.585000000000000	-7.245024344987001
1.586000000000000	-7.254941333762166
1.587000000000000	-7.265055679153499
1.588000000000000	-7.275309536173332
1.589000000000000	-7.285676503846001
1.590000000000000	-7.296180468537834
1.591000000000000	-7.306840630834667
1.592000000000000	-7.317633278068834
1.593000000000000	-7.328510966044333
1.594000000000000	-7.339443840239166
1.595000000000000	-7.350449211974500
1.596000000000000	-7.361565788130833
1.597000000000000	-7.372795095723834
1.598000000000000	-7.384093109058166
1.599000000000000	-7.395412248548001
1.600000000000000	-7.406737626712666
1.601000000000000	-7.418093320830501
1.602000000000000	-7.429517125715333
1.603000000000000	-7.441025386013000
1.604000000000000	-7.452611226133833
1.605000000000000	-7.464269361873501
1.606000000000000	-7.475995172989667
1.607000000000000	-7.487767185843834
1.608000000000000	-7.499553576534335
1.609000000000000	-7.511320234776501
1.610000000000000	-7.523029427939501
1.611000000000000	-7.534664072769167
1.612000000000000	-7.546250186232666
1.613000000000000	-7.557829516888501
1.614000000000000	-7.569409654850667
1.615000000000000	-7.580952731049500
1.616000000000000	-7.592424518383166
1.617000000000000	-7.603836306147166
1.618000000000000	-7.615217916141667
1.619000000000000	-7.626570313974000
1.620000000000000	-7.637853501494167
1.621000000000000	-7.649014265176001
1.622000000000000	-7.660029184436501
1.623000000000000	-7.670919625139167
1.624000000000000	-7.681728343946499
1.625000000000000	-7.692476522455333
1.626000000000000	-7.703136402545834
1.627000000000000	-7.713655607185500
1.628000000000000	-7.724009655851667
1.629000000000000	-7.734217355956001
1.630000000000000	-7.744297805791667
1.631000000000000	-7.754228930462666
1.632000000000000	-7.763970544154334
1.633000000000000	-7.773515279984166
1.634000000000000	-7.782894221033668
1.635000000000000	-7.792150251600334
1.636000000000000	-7.801298296556666
1.637000000000000	-7.810267066867667
1.638000000000000	-7.818924752696667
1.639000000000000	-7.827224094387834
1.640000000000000	-7.835262664778999
1.641000000000000	-7.843157515567833
1.642000000000000	-7.850919999798666
1.643000000000000	-7.858475320346334
1.644000000000000	-7.865761551010833
1.645000000000000	-7.872791378098333
1.646000000000000	-7.879629559103166
1.647000000000000	-7.886315859037834
1.648000000000000	-7.892809155305169
1.649000000000000	-7.899020060314666
1.650000000000000	-7.904905203285666
1.651000000000000	-7.910506016058332
1.652000000000000	-7.915889270915667
1.653000000000000	-7.921080148820667
1.654000000000000	-7.926060787771167
1.655000000000000	-7.930814537690001
1.656000000000000	-7.935359729371001
1.657000000000000	-7.939728672998167
1.658000000000000	-7.943914848188001
1.659000000000000	-7.947860525802667
1.660000000000000	-7.951503581462333
1.661000000000000	-7.954831719080334
1.662000000000000	-7.957887363075167
1.663000000000000	-7.960727842577501
1.664000000000000	-7.963390272355833
1.665000000000000	-7.965883132263333
1.666000000000000	-7.968200568539333
1.667000000000000	-7.970343021775665
1.668000000000000	-7.972316495279166
1.669000000000000	-7.974105226614000
1.670000000000000	-7.975660531598833
1.671000000000000	-7.976937394446666
1.672000000000000	-7.977940243167335
1.673000000000000	-7.978734464379333
1.674000000000000	-7.979403283915833
1.675000000000000	-7.979973859785333
1.676000000000000	-7.980410037959334
1.677000000000000	-7.980688757882667
1.678000000000000	-7.980844106312500
1.679000000000000	-7.980934362179334
1.680000000000000	-7.980998909956500
1.681000000000000	-7.981044616670833
1.682000000000000	-7.981065625890000
1.683000000000000	-7.981068506018166
1.684000000000000	-7.981054285595667
1.685000000000000	-7.980982533794166
1.686000000000000	-7.980766395088666
1.687000000000000	-7.980294271756500
1.688000000000000	-7.979466635363001
1.689000000000000	-7.978236944306167
1.690000000000000	-7.976621177822833
1.691000000000000	-7.974660842001999
1.692000000000000	-7.972388050223167
1.693000000000000	-7.969830219210667
1.694000000000000	-7.967029891854167
1.695000000000000	-7.964051511564333
1.696000000000000	-7.960968803256499
1.697000000000000	-7.957830379124999
1.698000000000000	-7.954623437291001
1.699000000000000	-7.951297462829833
1.700000000000000	-7.947853480804834
1.701000000000000	-7.944374693225832
1.702000000000000	-7.940935953703833
1.703000000000000	-7.937521260990167
1.704000000000000	-7.934055010357501
1.705000000000000	-7.930494354143501
1.706000000000000	-7.926885723065833
1.707000000000000	-7.923331317849001
1.708000000000000	-7.919898345522334
1.709000000000000	-7.916573053913001
1.710000000000000	-7.913302349695834
1.711000000000000	-7.910059684368167
1.712000000000000	-7.906860663578001
1.713000000000000	-7.903719079632332
1.714000000000000	-7.900604707493333
1.715000000000000	-7.897467200290834
1.716000000000000	-7.894294140125166
1.717000000000000	-7.891117872514667
1.718000000000000	-7.887969361919333
1.719000000000000	-7.884851710979834
1.720000000000000	-7.881754255483333
1.721000000000000	-7.878668715085333
1.722000000000000	-7.875611870931334
1.723000000000000	-7.872646657130333
1.724000000000000	-7.869832282807333
1.725000000000000	-7.867146845640334
1.726000000000000	-7.864507935109832
1.727000000000000	-7.861870561910500
1.728000000000000	-7.859274090258001
1.729000000000000	-7.856784913479167
1.730000000000000	-7.854407826686667
1.731000000000000	-7.852071975369000
1.732000000000000	-7.849700046661667
1.733000000000000	-7.847281935214833
1.734000000000000	-7.844888726725833
1.735000000000000	-7.842604797541000
1.736000000000000	-7.840440876411168
1.737000000000000	-7.838343183288334
1.738000000000000	-7.836275442135000
1.739000000000000	-7.834259984685500
1.740000000000000	-7.832359719374668
1.741000000000000	-7.830634829443667
1.742000000000000	-7.829101699018000
1.743000000000000	-7.827727380776167
1.744000000000000	-7.826457825101167
1.745000000000000	-7.825248099668666
1.746000000000000	-7.824076636332666
1.747000000000000	-7.822936372683333
1.748000000000000	-7.821821410842333
1.749000000000000	-7.820735241616000
1.750000000000000	-7.819701324552834
1.751000000000000	-7.818740619673167
1.752000000000000	-7.817827816473000
1.753000000000000	-7.816898483449666
1.754000000000000	-7.815927607025166
1.755000000000000	-7.814971398164668
1.756000000000000	-7.814109850709667
1.757000000000000	-7.813381706115667
1.758000000000000	-7.812778505280501
1.759000000000000	-7.812262348377334
1.760000000000000	-7.811794181884834
1.761000000000000	-7.811375665207333
1.762000000000000	-7.811049235957667
1.763000000000000	-7.810834071028334
1.764000000000000	-7.810687459210334
1.765000000000000	-7.810546193483834
1.766000000000000	-7.810379366513001
1.767000000000000	-7.810198280284333
1.768000000000000	-7.810040336424001
1.769000000000000	-7.809939523868501
1.770000000000000	-7.809891298843998
1.771000000000000	-7.809844518667000
1.772000000000000	-7.809741896583666
1.773000000000000	-7.809587935129333
1.774000000000000	-7.809462331584335
1.775000000000000	-7.809427774758333
1.776000000000000	-7.809456973145834
1.777000000000000	-7.809488403550499
1.778000000000000	-7.809500545874833
1.779000000000000	-7.809497015614333
1.780000000000000	-7.809468276551500
1.781000000000000	-7.809407804554833
1.782000000000000	-7.809339953437667
1.783000000000000	-7.809304710432667
1.784000000000000	-7.809324111863333
1.785000000000000	-7.809385576589333
1.786000000000000	-7.809449862136000
1.787000000000000	-7.809474820957000
1.788000000000000	-7.809441237889833
1.789000000000000	-7.809366869921834
1.790000000000000	-7.809291702573667
1.791000000000000	-7.809245999277834
1.792000000000000	-7.809235225111333
1.793000000000000	-7.809248729778667
1.794000000000000	-7.809280647814834
1.795000000000000	-7.809345764388000
1.796000000000000	-7.809466164919833
1.797000000000000	-7.809635949441666
1.798000000000000	-7.809808196275667
1.799000000000000	-7.809933200249500
1.800000000000000	-7.810012773108666
1.801000000000000	-7.810100442003333
1.802000000000000	-7.810234672811167
1.803000000000000	-7.810381386152167
1.804000000000000	-7.810466046608667
1.805000000000000	-7.810459838157666
1.806000000000000	-7.810409015665500
1.807000000000000	-7.810379049233500
1.808000000000000	-7.810387066808334
1.809000000000000	-7.810395337072166
1.810000000000000	-7.810365678834834
1.811000000000000	-7.810306936397166
1.812000000000000	-7.810263885599999
1.813000000000000	-7.810268818235834
1.814000000000000	-7.810308547523500
1.815000000000000	-7.810343225293667
1.816000000000000	-7.810356771176667
1.817000000000000	-7.810374376101167
1.818000000000000	-7.810429106277333
1.819000000000000	-7.810509848894500
1.820000000000000	-7.810543309393832
1.821000000000000	-7.810446359962000
1.822000000000000	-7.810193230450999
1.823000000000000	-7.809827348933667
1.824000000000000	-7.809413305269334
1.825000000000000	-7.808963924964167
1.826000000000000	-7.808412218142666
1.827000000000000	-7.807659839335167
1.828000000000000	-7.806651755454833
1.829000000000000	-7.805416518764834
1.830000000000000	-7.804045726747500
1.831000000000000	-7.802634258114666
1.832000000000000	-7.801234666631834
1.833000000000000	-7.799860416592334
1.834000000000000	-7.798518918781667
1.835000000000000	-7.797214353738333
1.836000000000000	-7.795916860791000
1.837000000000000	-7.794566493643834
1.838000000000000	-7.793130485187334
1.839000000000000	-7.791659174484000
1.840000000000000	-7.790273988928000
1.841000000000000	-7.789071301585334
1.842000000000000	-7.788028341538333
1.843000000000000	-7.787022157200834
1.844000000000000	-7.785949419819500
1.845000000000000	-7.784807579280333
1.846000000000000	-7.783655782936667
1.847000000000000	-7.782533304461667
1.848000000000000	-7.781438427173335
1.849000000000000	-7.780375829786166
1.850000000000000	-7.779387812160167
1.851000000000000	-7.778517379733334
1.852000000000000	-7.777765094008333
1.853000000000000	-7.777079141418500
1.854000000000000	-7.776372487813501
1.855000000000000	-7.775581080013335
1.856000000000000	-7.774722108167000
1.857000000000000	-7.773877404903833
1.858000000000000	-7.773117629197166
1.859000000000000	-7.772458626984833
1.860000000000000	-7.771881441282499
1.861000000000000	-7.771366210176833
1.862000000000000	-7.770907833179334
1.863000000000000	-7.770510251077167
1.864000000000000	-7.770160659261166
1.865000000000000	-7.769828646308000
1.866000000000000	-7.769516986376501
1.867000000000000	-7.769276797436167
1.868000000000000	-7.769146704585167
1.869000000000000	-7.769108542114501
1.870000000000000	-7.769100931926501
1.871000000000000	-7.769065651610499
1.872000000000000	-7.768997242387500
1.873000000000000	-7.768942852941500
1.874000000000000	-7.768944946206666
1.875000000000000	-7.768986464583167
1.876000000000000	-7.768995034381334
1.877000000000000	-7.768912811951666
1.878000000000000	-7.768762314982001
1.879000000000000	-7.768626869545834
1.880000000000000	-7.768571111329166
1.881000000000000	-7.768594809406832
1.882000000000000	-7.768656901712167
1.883000000000000	-7.768741834671334
1.884000000000000	-7.768898492093334
1.885000000000000	-7.769195652913333
1.886000000000000	-7.769654758006500
1.887000000000000	-7.770247821177500
1.888000000000000	-7.770945745945167
1.889000000000000	-7.771764812821668
1.890000000000000	-7.772765083405500
1.891000000000000	-7.773997398208834
1.892000000000000	-7.775464041591000
1.893000000000000	-7.777114005439000
1.894000000000000	-7.778860739831501
1.895000000000000	-7.780640289752334
1.896000000000000	-7.782454811437667
1.897000000000000	-7.784335399990167
1.898000000000000	-7.786290285323166
1.899000000000000	-7.788297866657167
1.900000000000000	-7.790322833156833
1.901000000000000	-7.792338941193333
1.902000000000000	-7.794329549629500
1.903000000000000	-7.796261155074499
1.904000000000000	-7.798082947190000
1.905000000000000	-7.799773108921666
1.906000000000000	-7.801377511406667
1.907000000000000	-7.802982870503667
1.908000000000000	-7.804652625538999
1.909000000000000	-7.806391152916334
1.910000000000000	-7.808163870513167
1.911000000000000	-7.809946929809667
1.912000000000000	-7.811743548360500
1.913000000000000	-7.813562603523834
1.914000000000000	-7.815394398638667
1.915000000000000	-7.817190037352167
1.916000000000000	-7.818881548976833
1.917000000000000	-7.820459413920168
1.918000000000000	-7.821998285835167
1.919000000000000	-7.823570707496500
1.920000000000000	-7.825181375595832
1.921000000000000	-7.826802889224833
1.922000000000000	-7.828427251969665
1.923000000000000	-7.830070514894667
1.924000000000000	-7.831742231803499
1.925000000000000	-7.833411490590667
1.926000000000000	-7.835023506011333
1.927000000000000	-7.836571986833333
1.928000000000000	-7.838116618179999
1.929000000000000	-7.839706604315833
1.930000000000000	-7.841325008094501
1.931000000000000	-7.842907183928500
1.932000000000000	-7.844395590151334
1.933000000000000	-7.845790699560499
1.934000000000000	-7.847151380397167
1.935000000000000	-7.848534967579002
1.936000000000000	-7.849941326242667
1.937000000000000	-7.851324112653501
1.938000000000000	-7.852642855756333
1.939000000000000	-7.853894408672834
1.940000000000000	-7.855101227362500
1.941000000000000	-7.856272864427333
1.942000000000000	-7.857393125197500
1.943000000000000	-7.858445571473666
1.944000000000000	-7.859430214399001
1.945000000000000	-7.860358048591333
1.946000000000000	-7.861240937037668
1.947000000000000	-7.862089290617333
1.948000000000000	-7.862909945464501
1.949000000000000	-7.863701501762500
1.950000000000000	-7.864470522249833
1.951000000000000	-7.865239193449501
1.952000000000000	-7.866021401936666
1.953000000000000	-7.866803974880000
1.954000000000000	-7.867540021605667
1.955000000000000	-7.868172868641167
1.956000000000000	-7.868693592727833
1.957000000000000	-7.869151042143500
1.958000000000000	-7.869597679885334
1.959000000000000	-7.870050376335834
1.960000000000000	-7.870500290668834
1.961000000000000	-7.870939203297166
1.962000000000000	-7.871367725457333
1.963000000000000	-7.871793044906333
1.964000000000000	-7.872223349078833
1.965000000000000	-7.872654635225000
1.966000000000000	-7.873074395679833
1.967000000000000	-7.873474328979667
1.968000000000000	-7.873842403021667
1.969000000000000	-7.874145062698500
1.970000000000000	-7.874336186078167
1.971000000000000	-7.874422123144000
1.972000000000000	-7.874505775834666
1.973000000000000	-7.874695781578833
1.974000000000000	-7.874983438317000
1.975000000000000	-7.875266729076833
1.976000000000000	-7.875459552231667
1.977000000000000	-7.875539821296168
1.978000000000000	-7.875541206944334
1.979000000000000	-7.875534949046667
1.980000000000000	-7.875590556719334
1.981000000000000	-7.875727641718833
1.982000000000000	-7.875915939620833
1.983000000000000	-7.876125506491834
1.984000000000000	-7.876357193411500
1.985000000000000	-7.876625272972333
1.986000000000000	-7.876929861545666
1.987000000000000	-7.877245813790167
1.988000000000000	-7.877540588636833
1.989000000000000	-7.877811706542334
1.990000000000000	-7.878101438229166
1.991000000000000	-7.878468658191832
1.992000000000000	-7.878947771209667
1.993000000000000	-7.879540663525833
1.994000000000000	-7.880239538068000
1.995000000000000	-7.881037377863167
1.996000000000000	-7.881905348536001
1.997000000000000	-7.882763239729001
1.998000000000000	-7.883498687941834
1.999000000000000	-7.884046679106167
2.000000000000000	-7.884457565833500