Force produced by a submaximally-activated cat soleus muscle in vivo while
applying length changes of maximum amplitude 1.0 mm and a random stimulation
signal with a mean frequency of 20 Hz. Experimental data was provided by T.G.
Sandercock [1]. Please refer to Millard et al. [2] for details.

References:
    1. Perreault, E.J., Heckman, C.J., and Sandercock, T.G., 2003. "Hill
       muscle model errors during movement are greatest within the
       physiologically relevant range of motor unit firing rates". Journal
       of Biomechanics, 36(2), pp. 211--218.
       http://dx.doi.org/10.1016/S0021-9290(02)00332-9.
    2. Millard, M., Uchida, T., Seth, A., and Delp, S.L., 2013. "Flexing
       computational muscle: Modeling and simulation of musculotendon
       dynamics". ASME Journal of Biomechanical Engineering, 135(2),
       p. 021013 (11 pages). http://dx.doi.org/10.1115/1.4023390.

endheader
time_s	force_N
0.000000000000000	0.000000000000000
0.001000000000000	0.000000000000000
0.002000000000000	0.000000000000000
0.003000000000000	0.029907000000000
0.004000000000000	0.011963000000000
0.005000000000000	0.010767000000000
0.006000000000000	0.003589000000000
0.007000000000000	0.002393000000000
0.008000000000000	0.000000000000000
0.009000000000000	0.000000000000000
0.010000000000000	0.000000000000000
0.011000000000000	0.000000000000000
0.012000000000000	0.014355000000000
0.013000000000000	0.000000000000000
0.014000000000000	0.021533000000000
0.015000000000000	0.050244000000000
0.016000000000000	0.011963000000000
0.017000000000000	0.003589000000000
0.018000000000000	0.005981000000000
0.019000000000000	0.023926000000000
0.020000000000000	0.017944000000000
0.021000000000000	0.000000000000000
0.022000000000000	0.000000000000000
0.023000000000000	0.000000000000000
0.024000000000000	0.008374000000000
0.025000000000000	0.000000000000000
0.026000000000000	0.000000000000000
0.027000000000000	0.000000000000000
0.028000000000000	0.000000000000000
0.029000000000000	0.000000000000000
0.030000000000000	0.005981000000000
0.031000000000000	0.013159000000000
0.032000000000000	0.025122000000000
0.033000000000000	0.053833000000000
0.034000000000000	0.027515000000000
0.035000000000000	0.013159000000000
0.036000000000000	0.032300000000000
0.037000000000000	0.000000000000000
0.038000000000000	0.017944000000000
0.039000000000000	0.028711000000000
0.040000000000000	0.008374000000000
0.041000000000000	0.000000000000000
0.042000000000000	0.010767000000000
0.043000000000000	0.008374000000000
0.044000000000000	0.000000000000000
0.045000000000000	0.013159000000000
0.046000000000000	0.004785000000000
0.047000000000000	0.003589000000000
0.048000000000000	0.001196000000000
0.049000000000000	0.000000000000000
0.050000000000000	0.015552000000000
0.051000000000000	0.020337000000000
0.052000000000000	0.001196000000000
0.053000000000000	0.000000000000000
0.054000000000000	0.020337000000000
0.055000000000000	0.000000000000000
0.056000000000000	0.000000000000000
0.057000000000000	0.000000000000000
0.058000000000000	0.000000000000000
0.059000000000000	0.011963000000000
0.060000000000000	0.000000000000000
0.061000000000000	0.004785000000000
0.062000000000000	0.016748000000000
0.063000000000000	0.011963000000000
0.064000000000000	0.019141000000000
0.065000000000000	0.040674000000000
0.066000000000000	0.010767000000000
0.067000000000000	0.045459000000000
0.068000000000000	0.000000000000000
0.069000000000000	0.025122000000000
0.070000000000000	0.014355000000000
0.071000000000000	0.005981000000000
0.072000000000000	0.000000000000000
0.073000000000000	0.000000000000000
0.074000000000000	0.000000000000000
0.075000000000000	0.000000000000000
0.076000000000000	0.000000000000000
0.077000000000000	0.000000000000000
0.078000000000000	0.000000000000000
0.079000000000000	0.011963000000000
0.080000000000000	0.019141000000000
0.081000000000000	0.013159000000000
0.082000000000000	0.026318000000000
0.083000000000000	0.000000000000000
0.084000000000000	0.005981000000000
0.085000000000000	0.022729000000000
0.086000000000000	0.023926000000000
0.087000000000000	0.000000000000000
0.088000000000000	0.000000000000000
0.089000000000000	0.013159000000000
0.090000000000000	0.000000000000000
0.091000000000000	0.000000000000000
0.092000000000000	0.000000000000000
0.093000000000000	0.000000000000000
0.094000000000000	0.016748000000000
0.095000000000000	0.000000000000000
0.096000000000000	0.007178000000000
0.097000000000000	0.039478000000000
0.098000000000000	0.035889000000000
0.099000000000000	0.000000000000000
0.100000000000000	0.005981000000000
0.101000000000000	0.003589000000000
0.102000000000000	0.000000000000000
0.103000000000000	0.009570000000000
0.104000000000000	0.007178000000000
0.105000000000000	0.000000000000000
0.106000000000000	0.043066000000000
0.107000000000000	0.000000000000000
0.108000000000000	0.000000000000000
0.109000000000000	0.026318000000000
0.110000000000000	0.045459000000000
0.111000000000000	0.080151000000000
0.112000000000000	0.149536000000000
0.113000000000000	0.179443000000000
0.114000000000000	0.214136000000000
0.115000000000000	0.212939000000000
0.116000000000000	0.279932000000000
0.117000000000000	0.348120000000000
0.118000000000000	0.397168000000000
0.119000000000000	0.449805000000000
0.120000000000000	0.516797000000000
0.121000000000000	0.556274000000000
0.122000000000000	0.595752000000000
0.123000000000000	0.657959000000000
0.124000000000000	0.695044000000000
0.125000000000000	0.717773000000000
0.126000000000000	0.763232000000000
0.127000000000000	0.837402000000000
0.128000000000000	0.896021000000000
0.129000000000000	0.949854000000000
0.130000000000000	0.979761000000000
0.131000000000000	1.024023000000000
0.132000000000000	1.099390000000000
0.133000000000000	1.171167000000000
0.134000000000000	1.189111000000000
0.135000000000000	1.257300000000000
0.136000000000000	1.290796000000000
0.137000000000000	1.342236000000000
0.138000000000000	1.364966000000000
0.139000000000000	1.433154000000000
0.140000000000000	1.490576000000000
0.141000000000000	1.531250000000000
0.142000000000000	1.546802000000000
0.143000000000000	1.612598000000000
0.144000000000000	1.671216000000000
0.145000000000000	1.733423000000000
0.146000000000000	1.739404000000000
0.147000000000000	1.798022000000000
0.148000000000000	1.844678000000000
0.149000000000000	1.918848000000000
0.150000000000000	1.914063000000000
0.151000000000000	1.957129000000000
0.152000000000000	1.957129000000000
0.153000000000000	1.963110000000000
0.154000000000000	1.983447000000000
0.155000000000000	2.032495000000000
0.156000000000000	2.039673000000000
0.157000000000000	2.098291000000000
0.158000000000000	2.064795000000000
0.159000000000000	2.094702000000000
0.160000000000000	2.099487000000000
0.161000000000000	2.068384000000000
0.162000000000000	2.140161000000000
0.163000000000000	2.178442000000000
0.164000000000000	2.184424000000000
0.165000000000000	2.161694000000000
0.166000000000000	2.184424000000000
0.167000000000000	2.182031000000000
0.168000000000000	2.220313000000000
0.169000000000000	2.199976000000000
0.170000000000000	2.178442000000000
0.171000000000000	2.199976000000000
0.172000000000000	2.215527000000000
0.173000000000000	2.205957000000000
0.174000000000000	2.172461000000000
0.175000000000000	2.205957000000000
0.176000000000000	2.221509000000000
0.177000000000000	2.156909000000000
0.178000000000000	2.199976000000000
0.179000000000000	2.193994000000000
0.180000000000000	2.217920000000000
0.181000000000000	2.197583000000000
0.182000000000000	2.216724000000000
0.183000000000000	2.193994000000000
0.184000000000000	2.222705000000000
0.185000000000000	2.207153000000000
0.186000000000000	2.300464000000000
0.187000000000000	2.327979000000000
0.188000000000000	2.406934000000000
0.189000000000000	2.469141000000000
0.190000000000000	2.539722000000000
0.191000000000000	2.616284000000000
0.192000000000000	2.727539000000000
0.193000000000000	2.801709000000000
0.194000000000000	2.910571000000000
0.195000000000000	3.018237000000000
0.196000000000000	3.100781000000000
0.197000000000000	3.198877000000000
0.198000000000000	3.318506000000000
0.199000000000000	3.371143000000000
0.200000000000000	3.477612000000000
0.201000000000000	3.526660000000000
0.202000000000000	3.633130000000000
0.203000000000000	3.732422000000001
0.204000000000000	3.774292000000000
0.205000000000000	3.828125000000000
0.206000000000000	3.921436000000000
0.207000000000000	4.015942000000000
0.208000000000000	4.055420000000000
0.209000000000000	4.129590000000000
0.210000000000000	4.222900000000000
0.211000000000000	4.283911000000000
0.212000000000000	4.329370000000000
0.213000000000000	4.403540000000000
0.214000000000000	4.481299000000000
0.215000000000000	4.560254000000000
0.216000000000000	4.574609000000000
0.217000000000000	4.617676000000000
0.218000000000000	4.700220000000000
0.219000000000000	4.721752999999999
0.220000000000000	4.793530000000000
0.221000000000000	4.795923000000000
0.222000000000000	4.888037000000000
0.223000000000000	4.892822000000000
0.224000000000000	4.910767000000000
0.225000000000000	4.958618000000000
0.226000000000000	4.976562000000000
0.227000000000000	4.998096000000000
0.228000000000000	5.012451000000000
0.229000000000000	5.036377000000000
0.230000000000000	5.072266000000000
0.231000000000000	5.079443000000000
0.232000000000000	5.056714000000000
0.233000000000000	5.099780000000000
0.234000000000000	5.105762000000000
0.235000000000000	5.089014000000000
0.236000000000000	5.109351000000000
0.237000000000000	5.059106000000000
0.238000000000000	5.093799000000000
0.239000000000000	5.047144000000000
0.240000000000000	5.065088000000001
0.241000000000000	5.093799000000000
0.242000000000000	5.041162000000000
0.243000000000000	4.957422000000000
0.244000000000000	4.977759000000000
0.245000000000000	4.971777000000000
0.246000000000000	4.988525000000000
0.247000000000000	4.951440000000000
0.248000000000000	4.980151000000000
0.249000000000000	4.944263000000000
0.250000000000000	4.904785000000000
0.251000000000000	4.896411000000000
0.252000000000000	4.855737000000000
0.253000000000000	4.840185999999999
0.254000000000000	4.801904000000000
0.255000000000000	4.758838000000000
0.256000000000000	4.683472000000000
0.257000000000000	4.669116000000000
0.258000000000000	4.624854000000000
0.259000000000000	4.593750000000000
0.260000000000000	4.554272000000000
0.261000000000000	4.511206000000000
0.262000000000000	4.470532000000000
0.263000000000000	4.404736000000000
0.264000000000000	4.404736000000000
0.265000000000000	4.347314000000000
0.266000000000000	4.307837000000000
0.267000000000000	4.251611000000000
0.268000000000000	4.219312000000000
0.269000000000000	4.159497000000000
0.270000000000000	4.127197000000000
0.271000000000000	4.030298000000000
0.272000000000000	4.038672000000000
0.273000000000000	4.006372000000000
0.274000000000000	3.977661000000000
0.275000000000000	3.966895000000000
0.276000000000000	3.965698000000000
0.277000000000000	3.966895000000000
0.278000000000000	3.972876000000000
0.279000000000000	4.044653000000000
0.280000000000000	4.060205000000000
0.281000000000000	4.086523000000000
0.282000000000000	4.069775000000000
0.283000000000000	4.137964000000000
0.284000000000000	4.181030000000000
0.285000000000000	4.214526000000000
0.286000000000000	4.219312000000000
0.287000000000000	4.255200000000000
0.288000000000000	4.307837000000000
0.289000000000000	4.276733000000000
0.290000000000000	4.267163000000000
0.291000000000000	4.346118000000000
0.292000000000000	4.374829000000000
0.293000000000000	4.352100000000000
0.294000000000000	4.373633000000000
0.295000000000000	4.416699000000000
0.296000000000000	4.456177000000000
0.297000000000000	4.481299000000000
0.298000000000000	4.480103000000000
0.299000000000000	4.535132000000000
0.300000000000000	4.542310000000000
0.301000000000000	4.561450000000000
0.302000000000000	4.535132000000000
0.303000000000000	4.572217000000000
0.304000000000000	4.567432000000000
0.305000000000000	4.587769000000000
0.306000000000000	4.575806000000000
0.307000000000000	4.591357000000000
0.308000000000000	4.620068000000000
0.309000000000000	4.604517000000000
0.310000000000000	4.624854000000000
0.311000000000000	4.658350000000000
0.312000000000000	4.661938000000000
0.313000000000000	4.647582999999999
0.314000000000000	4.671509000000000
0.315000000000000	4.670313000000000
0.316000000000000	4.645190000000000
0.317000000000000	4.645190000000000
0.318000000000000	4.699023000000000
0.319000000000000	4.707397000000000
0.320000000000000	4.678687000000000
0.321000000000000	4.620068000000000
0.322000000000000	4.641602000000000
0.323000000000000	4.605713000000000
0.324000000000000	4.627246000000000
0.325000000000000	4.603320000000000
0.326000000000000	4.580591000000000
0.327000000000000	4.587769000000000
0.328000000000000	4.560254000000000
0.329000000000000	4.561450000000000
0.330000000000000	4.553076000000000
0.331000000000000	4.588965000000000
0.332000000000000	4.555469000000000
0.333000000000000	4.555469000000000
0.334000000000000	4.554272000000000
0.335000000000000	4.532739000000000
0.336000000000000	4.536328000000001
0.337000000000000	4.501636000000000
0.338000000000000	4.498046999999999
0.339000000000000	4.494458000000000
0.340000000000000	4.481299000000000
0.341000000000000	4.463354000000000
0.342000000000000	4.450195000000000
0.343000000000000	4.460962000000000
0.344000000000000	4.408325000000000
0.345000000000000	4.411914000000000
0.346000000000000	4.426270000000000
0.347000000000000	4.434644000000000
0.348000000000000	4.411914000000000
0.349000000000000	4.395166000000000
0.350000000000000	4.378418000000000
0.351000000000000	4.435840000000000
0.352000000000000	4.370044000000000
0.353000000000000	4.344922000000000
0.354000000000000	4.337744000000000
0.355000000000000	4.325781000000000
0.356000000000000	4.331763000000000
0.357000000000000	4.366455000000000
0.358000000000000	4.383203000000000
0.359000000000000	4.440625000000000
0.360000000000000	4.492064999999999
0.361000000000000	4.527954000000000
0.362000000000000	4.599731000000000
0.363000000000000	4.677490000000000
0.364000000000000	4.758838000000000
0.365000000000000	4.833008000000000
0.366000000000000	4.907178000000000
0.367000000000000	4.971777000000000
0.368000000000000	5.045947000000000
0.369000000000000	5.160791000000000
0.370000000000000	5.224194000000000
0.371000000000000	5.328271000000000
0.372000000000000	5.328271000000000
0.373000000000000	5.408423000000000
0.374000000000000	5.484985000000000
0.375000000000000	5.581885000000000
0.376000000000000	5.652466000000000
0.377000000000000	5.715869000000000
0.378000000000000	5.805591000000000
0.379000000000000	5.894116000000000
0.380000000000000	5.951538000000000
0.381000000000000	6.007764000000000
0.382000000000000	6.078345000000000
0.383000000000000	6.163281000000000
0.384000000000000	6.211133000000000
0.385000000000000	6.274536000000000
0.386000000000000	6.312817000000000
0.387000000000000	6.336743000000000
0.388000000000000	6.401343000000000
0.389000000000000	6.455176000000000
0.390000000000000	6.491064000000000
0.391000000000000	6.548486000000000
0.392000000000000	6.585571000000000
0.393000000000000	6.632227000000000
0.394000000000000	6.678882000000000
0.395000000000000	6.726733000000000
0.396000000000000	6.748267000000000
0.397000000000000	6.786548000000001
0.398000000000000	6.802100000000000
0.399000000000000	6.821240000000000
0.400000000000000	6.849951000000000
0.401000000000000	6.887036000000000
0.402000000000000	6.908569000000000
0.403000000000000	6.904980000000000
0.404000000000000	6.945654000000000
0.405000000000000	6.992310000000000
0.406000000000000	7.005469000000000
0.407000000000000	6.992310000000000
0.408000000000000	7.003076000000000
0.409000000000000	6.998291000000000
0.410000000000000	6.991113000000000
0.411000000000000	7.030591000000000
0.412000000000000	7.013843000000000
0.413000000000000	7.027002000000000
0.414000000000000	7.030591000000000
0.415000000000000	7.037769000000000
0.416000000000000	7.009058000000000
0.417000000000000	7.037769000000000
0.418000000000000	7.000684000000000
0.419000000000000	6.975562000000000
0.420000000000000	6.962402000000000
0.421000000000000	6.938477000000000
0.422000000000000	6.930103000000000
0.423000000000000	6.884644000000000
0.424000000000000	6.867896000000001
0.425000000000000	6.826025000000000
0.426000000000000	6.781763000000000
0.427000000000000	6.742285000000000
0.428000000000000	6.715967000000000
0.429000000000000	6.663330000000000
0.430000000000000	6.619067000000000
0.431000000000000	6.598730000000000
0.432000000000000	6.564038000000000
0.433000000000000	6.476709000000000
0.434000000000000	6.414502000000000
0.435000000000000	6.376220999999999
0.436000000000000	6.316406000000000
0.437000000000000	6.224292000000000
0.438000000000000	6.129785000000000
0.439000000000000	6.085522000000000
0.440000000000000	6.031689000000000
0.441000000000000	5.933594000000000
0.442000000000000	5.846265000000000
0.443000000000000	5.810376000000001
0.444000000000000	5.744580000000000
0.445000000000000	5.744580000000000
0.446000000000000	5.703906000000000
0.447000000000000	5.724243000000000
0.448000000000000	5.780469000000000
0.449000000000000	5.788843000000000
0.450000000000000	5.805591000000000
0.451000000000000	5.886938000000000
0.452000000000000	5.938379000000000
0.453000000000000	5.952734000000000
0.454000000000000	5.957520000000000
0.455000000000000	6.061597000000000
0.456000000000000	6.098682000000000
0.457000000000000	6.117822000000000
0.458000000000000	6.110645000000000
0.459000000000000	6.190796000000000
0.460000000000000	6.223096000000000
0.461000000000000	6.258984000000000
0.462000000000000	6.290088000000000
0.463000000000000	6.352295000000000
0.464000000000000	6.351099000000000
0.465000000000000	6.360669000000000
0.466000000000000	6.428857000000000
0.467000000000000	6.471924000000000
0.468000000000000	6.500635000000000
0.469000000000000	6.497046000000000
0.470000000000000	6.555664000000000
0.471000000000000	6.528149000000000
0.472000000000000	6.561646000000000
0.473000000000000	6.550879000000000
0.474000000000000	6.581982000000000
0.475000000000000	6.572412000000000
0.476000000000000	6.601123000000000
0.477000000000000	6.625049000000000
0.478000000000000	6.623853000000000
0.479000000000000	6.605908000000000
0.480000000000000	6.659741000000000
0.481000000000000	6.633423000000000
0.482000000000000	6.603516000000000
0.483000000000000	6.619067000000000
0.484000000000000	6.580786000000000
0.485000000000000	6.562842000000001
0.486000000000000	6.555664000000000
0.487000000000000	6.488672000000001
0.488000000000000	6.471924000000000
0.489000000000000	6.413306000000000
0.490000000000000	6.345117000000000
0.491000000000000	6.366650000000000
0.492000000000000	6.282910000000000
0.493000000000000	6.235059000000000
0.494000000000000	6.237451000000000
0.495000000000000	6.169263000000000
0.496000000000000	6.117822000000000
0.497000000000000	6.071166999999999
0.498000000000000	6.048438000000000
0.499000000000000	6.001782000000000
0.500000000000000	5.938379000000000
0.501000000000000	5.914453000000000
0.502000000000000	5.864209000000000
0.503000000000000	5.803198000000000
0.504000000000000	5.738599000000000
0.505000000000000	5.675195000000000
0.506000000000000	5.611792000000000
0.507000000000000	5.568726000000000
0.508000000000000	5.498145000000000
0.509000000000000	5.445508000000000
0.510000000000000	5.404834000000000
0.511000000000000	5.355786000000000
0.512000000000000	5.270850000000000
0.513000000000000	5.231372000000000
0.514000000000000	5.195483000000000
0.515000000000000	5.133276000000001
0.516000000000000	5.053125000000000
0.517000000000000	5.017236000000000
0.518000000000000	4.946655000000000
0.519000000000000	4.926318000000000
0.520000000000000	4.858130000000000
0.521000000000000	4.800708000000000
0.522000000000000	4.806689000000000
0.523000000000000	4.702612000000000
0.524000000000000	4.620068000000000
0.525000000000000	4.591357000000000
0.526000000000000	4.543506000000000
0.527000000000000	4.492064999999999
0.528000000000000	4.440625000000000
0.529000000000000	4.408325000000000
0.530000000000000	4.347314000000000
0.531000000000000	4.299463000000000
0.532000000000000	4.306641000000000
0.533000000000000	4.281519000000001
0.534000000000000	4.239648000000000
0.535000000000000	4.276733000000000
0.536000000000000	4.227686000000000
0.537000000000000	4.244434000000000
0.538000000000000	4.263574000000000
0.539000000000000	4.264771000000000
0.540000000000000	4.244434000000000
0.541000000000000	4.306641000000000
0.542000000000000	4.285107000000000
0.543000000000000	4.298267000000000
0.544000000000000	4.341333000000000
0.545000000000000	4.371240000000000
0.546000000000000	4.386792000000001
0.547000000000000	4.380811000000000
0.548000000000000	4.409521000000000
0.549000000000000	4.437036000000000
0.550000000000000	4.451392000000000
0.551000000000000	4.462158000000000
0.552000000000000	4.537524000000000
0.553000000000000	4.526758000000000
0.554000000000000	4.556665000000000
0.555000000000000	4.550684000000000
0.556000000000000	4.569824000000000
0.557000000000000	4.604517000000000
0.558000000000000	4.655957000000000
0.559000000000000	4.661938000000000
0.560000000000000	4.652368000000000
0.561000000000000	4.679883000000000
0.562000000000000	4.713379000000000
0.563000000000000	4.685864000000000
0.564000000000000	4.750464000000000
0.565000000000000	4.781567000000000
0.566000000000000	4.797119000000000
0.567000000000000	4.835400000000000
0.568000000000000	4.846167000000000
0.569000000000000	4.865308000000000
0.570000000000000	4.890430000000000
0.571000000000000	4.910767000000000
0.572000000000000	4.927515000000000
0.573000000000000	4.969385000000000
0.574000000000000	4.951440000000000
0.575000000000000	4.947852000000000
0.576000000000000	4.925122000000000
0.577000000000000	4.998096000000000
0.578000000000000	4.986133000000000
0.579000000000000	5.018433000000000
0.580000000000000	4.999292000000000
0.581000000000000	5.025610000000000
0.582000000000000	5.017236000000000
0.583000000000000	5.037573000000000
0.584000000000000	5.054321000000000
0.585000000000000	5.033984000000000
0.586000000000000	5.031592000000000
0.587000000000000	5.039966000000000
0.588000000000000	5.036377000000000
0.589000000000000	5.020824999999999
0.590000000000000	5.002881000000000
0.591000000000000	5.035181000000000
0.592000000000000	5.022021000000000
0.593000000000000	4.974170000000000
0.594000000000000	4.961011000000000
0.595000000000000	4.958618000000000
0.596000000000000	4.928711000000000
0.597000000000000	4.943066000000000
0.598000000000000	4.928711000000000
0.599000000000000	4.900000000000000
0.600000000000000	4.902393000000000
0.601000000000000	4.886841000000000
0.602000000000000	4.862915000000000
0.603000000000000	4.843774000000000
0.604000000000000	4.806689000000000
0.605000000000000	4.767212000000000
0.606000000000000	4.745679000000000
0.607000000000000	4.694238000000000
0.608000000000000	4.685864000000000
0.609000000000000	4.642798000000000
0.610000000000000	4.617676000000000
0.611000000000000	4.574609000000000
0.612000000000000	4.556665000000000
0.613000000000000	4.535132000000000
0.614000000000000	4.524365000000000
0.615000000000000	4.465747000000000
0.616000000000000	4.446606000000000
0.617000000000000	4.421484000000000
0.618000000000000	4.373633000000000
0.619000000000000	4.347314000000000
0.620000000000000	4.280322000000000
0.621000000000000	4.238452000000000
0.622000000000000	4.219312000000000
0.623000000000000	4.176245000000000
0.624000000000000	4.155908000000000
0.625000000000000	4.165479000000000
0.626000000000000	4.149927000000000
0.627000000000000	4.177441000000000
0.628000000000000	4.188208000000000
0.629000000000000	4.190601000000000
0.630000000000000	4.243237000000000
0.631000000000000	4.304248000000000
0.632000000000000	4.348511000000000
0.633000000000000	4.393970000000000
0.634000000000000	4.447803000000000
0.635000000000000	4.499243000000000
0.636000000000000	4.555469000000000
0.637000000000000	4.596143000000000
0.638000000000000	4.622461000000000
0.639000000000000	4.708594000000000
0.640000000000000	4.688257000000000
0.641000000000000	4.755249000000000
0.642000000000000	4.807886000000000
0.643000000000000	4.850952000000000
0.644000000000000	4.901196000000000
0.645000000000000	4.970581000000000
0.646000000000000	4.998096000000000
0.647000000000000	5.055518000000000
0.648000000000000	5.099780000000000
0.649000000000000	5.163184000000000
0.650000000000000	5.209839000000000
0.651000000000000	5.231372000000000
0.652000000000000	5.250512999999999
0.653000000000000	5.315112000000000
0.654000000000000	5.342627000000000
0.655000000000000	5.379712000000000
0.656000000000000	5.407227000000000
0.657000000000000	5.428760000000000
0.658000000000000	5.429956000000000
0.659000000000000	5.484985000000000
0.660000000000000	5.476611000000000
0.661000000000000	5.516089000000000
0.662000000000000	5.581885000000000
0.663000000000000	5.565137000000000
0.664000000000000	5.593848000000001
0.665000000000000	5.636914000000000
0.666000000000000	5.665625000000000
0.667000000000000	5.653662000000000
0.668000000000000	5.629736000000000
0.669000000000000	5.676392000000000
0.670000000000000	5.638110000000000
0.671000000000000	5.648877000000000
0.672000000000000	5.629736000000000
0.673000000000000	5.633325000000000
0.674000000000000	5.611792000000000
0.675000000000000	5.617773000000001
0.676000000000000	5.586670000000001
0.677000000000000	5.596240000000000
0.678000000000000	5.596240000000000
0.679000000000000	5.538818000000000
0.680000000000000	5.543604000000000
0.681000000000000	5.562744000000000
0.682000000000000	5.551978000000000
0.683000000000000	5.530444000000000
0.684000000000000	5.593848000000001
0.685000000000000	5.645288000000000
0.686000000000000	5.647681000000000
0.687000000000000	5.652466000000000
0.688000000000000	5.695532000000000
0.689000000000000	5.706299000000000
0.690000000000000	5.797217000000000
0.691000000000000	5.794824000000000
0.692000000000000	5.860620000000000
0.693000000000000	5.910864000000000
0.694000000000000	5.967090000000000
0.695000000000000	6.016138000000000
0.696000000000000	6.061597000000000
0.697000000000000	6.074756000000000
0.698000000000000	6.140552000000000
0.699000000000000	6.156104000000000
0.700000000000000	6.221899000000000
0.701000000000000	6.244629000000000
0.702000000000000	6.254199000000000
0.703000000000000	6.280518000000000
0.704000000000000	6.336743000000000
0.705000000000000	6.349902000000000
0.706000000000000	6.381006000000000
0.707000000000000	6.396558000000000
0.708000000000000	6.438428000000000
0.709000000000000	6.471924000000000
0.710000000000000	6.467139000000000
0.711000000000000	6.486279000000000
0.712000000000000	6.526953000000000
0.713000000000000	6.589160000000000
0.714000000000000	6.642993000000000
0.715000000000000	6.689648000000000
0.716000000000000	6.788940000000000
0.717000000000000	6.821240000000000
0.718000000000000	6.890625000000000
0.719000000000000	6.960010000000000
0.720000000000000	7.001880000000000
0.721000000000000	7.080835000000000
0.722000000000000	7.152612000000000
0.723000000000000	7.193286000000000
0.724000000000000	7.245923000000000
0.725000000000000	7.348804000000000
0.726000000000000	7.382300000000000
0.727000000000000	7.440918000000000
0.728000000000000	7.537817000000000
0.729000000000000	7.598828000000000
0.730000000000000	7.675391000000000
0.731000000000000	7.729224000000000
0.732000000000000	7.858423000000000
0.733000000000000	7.945752000000000
0.734000000000000	8.039062000000000
0.735000000000000	8.118017999999999
0.736000000000000	8.220898000000000
0.737000000000000	8.327368000000000
0.738000000000000	8.414697000000000
0.739000000000000	8.518774000000001
0.740000000000000	8.641992000000000
0.741000000000000	8.701807000000001
0.742000000000000	8.766406000000000
0.743000000000000	8.878856999999998
0.744000000000000	8.981738000000000
0.745000000000000	9.107348999999999
0.746000000000000	9.198267000000000
0.747000000000000	9.307129000000000
0.748000000000000	9.372925000000000
0.749000000000000	9.532031000000000
0.750000000000000	9.649267999999999
0.751000000000000	9.794019000000001
0.752000000000000	9.920825000000001
0.753000000000000	10.017725000000000
0.754000000000000	10.115820000000001
0.755000000000000	10.228270999999999
0.756000000000000	10.337134000000001
0.757000000000000	10.469922000000000
0.758000000000000	10.581177000000000
0.759000000000000	10.719946000000000
0.760000000000000	10.846753000000000
0.761000000000000	10.956811999999999
0.762000000000000	11.064477999999999
0.763000000000000	11.190087999999999
0.764000000000000	11.310912999999999
0.765000000000000	11.385083000000000
0.766000000000000	11.528638000000001
0.767000000000000	11.633910999999999
0.768000000000000	11.790625000000000
0.769000000000000	11.844458000000001
0.770000000000000	11.919824000000002
0.771000000000000	12.063378999999999
0.772000000000000	12.184203999999999
0.773000000000000	12.239233000000000
0.774000000000000	12.316992000000001
0.775000000000000	12.410303000000001
0.776000000000000	12.495239000000000
0.777000000000000	12.550269000000000
0.778000000000000	12.648364000000001
0.779000000000000	12.751245000000001
0.780000000000000	12.846947999999999
0.781000000000000	12.905566000000000
0.782000000000000	12.940258999999999
0.783000000000000	13.038353999999998
0.784000000000000	13.065868999999999
0.785000000000000	13.183104999999999
0.786000000000000	13.241724000000000
0.787000000000000	13.251294000000000
0.788000000000000	13.280004999999999
0.789000000000000	13.357764000000000
0.790000000000000	13.402025999999999
0.791000000000000	13.458252000000000
0.792000000000000	13.490551999999999
0.793000000000000	13.582666000000000
0.794000000000000	13.669995000000000
0.795000000000000	13.698706000000000
0.796000000000000	13.796802000000001
0.797000000000000	13.874561000000000
0.798000000000000	13.933179000000001
0.799000000000000	14.025293000000000
0.800000000000000	14.112622000000000
0.801000000000000	14.180811000000000
0.802000000000000	14.246606000000000
0.803000000000000	14.331543000000000
0.804000000000000	14.336328000000000
0.805000000000000	14.467919999999998
0.806000000000000	14.526538000000000
0.807000000000000	14.582763999999999
0.808000000000000	14.628223000000000
0.809000000000000	14.696410999999999
0.810000000000000	14.750244000000000
0.811000000000000	14.838770000000000
0.812000000000000	14.891406000000000
0.813000000000000	14.960791000000002
0.814000000000000	15.028979000000000
0.815000000000000	15.045728000000000
0.816000000000000	15.160570999999999
0.817000000000000	15.244312000000001
0.818000000000000	15.306519000000000
0.819000000000000	15.362743999999998
0.820000000000000	15.446484000000000
0.821000000000000	15.499121000000001
0.822000000000000	15.603198000000001
0.823000000000000	15.667797999999999
0.824000000000000	15.715649000000001
0.825000000000000	15.828101000000000
0.826000000000000	15.879541000000000
0.827000000000000	15.954907000000000
0.828000000000000	16.001563000000001
0.829000000000000	16.099658000000002
0.830000000000000	16.155884000000000
0.831000000000000	16.249193999999999
0.832000000000000	16.350878999999999
0.833000000000000	16.336523000000000
0.834000000000000	16.403516000000000
0.835000000000000	16.438207999999999
0.836000000000000	16.533911000000000
0.837000000000000	16.542285000000000
0.838000000000000	16.593726000000000
0.839000000000000	16.623633000000002
0.840000000000000	16.673877000000001
0.841000000000000	16.694213999999999
0.842000000000000	16.730103000000000
0.843000000000000	16.724121000000000
0.844000000000000	16.777954000000001
0.845000000000000	16.822216999999998
0.846000000000000	16.822216999999998
0.847000000000000	16.819824000000001
0.848000000000000	16.849730999999998
0.849000000000000	16.921509000000000
0.850000000000000	16.910741999999999
0.851000000000000	16.947827000000000
0.852000000000000	16.951415999999998
0.853000000000000	16.938257000000000
0.854000000000000	16.934667999999999
0.855000000000000	16.956201000000000
0.856000000000000	16.980127000000000
0.857000000000000	16.952611999999998
0.858000000000000	16.975342000000001
0.859000000000000	16.947827000000000
0.860000000000000	16.897583000000001
0.861000000000000	16.893993999999999
0.862000000000000	16.893993999999999
0.863000000000000	16.855713000000002
0.864000000000000	16.827002000000000
0.865000000000000	16.798290999999999
0.866000000000000	16.769580000000001
0.867000000000000	16.739673000000000
0.868000000000000	16.693017999999999
0.869000000000000	16.658325000000001
0.870000000000000	16.603296000000000
0.871000000000000	16.545874000000001
0.872000000000000	16.471703999999999
0.873000000000000	16.428637999999999
0.874000000000000	16.356860000000001
0.875000000000000	16.298241999999998
0.876000000000000	16.244409000000001
0.877000000000000	16.143920999999999
0.878000000000000	16.098462000000001
0.879000000000000	16.062573000000000
0.880000000000000	15.982422000000000
0.881000000000000	15.884326000000000
0.882000000000000	15.829297000000000
0.883000000000000	15.775463999999999
0.884000000000000	15.755127000000000
0.885000000000000	15.648657000000000
0.886000000000000	15.540991000000000
0.887000000000000	15.476392000000001
0.888000000000000	15.421362000000000
0.889000000000000	15.316089000000000
0.890000000000000	15.241918999999999
0.891000000000000	15.155786000000001
0.892000000000000	15.093579000000000
0.893000000000000	15.002661000000000
0.894000000000000	14.970361000000000
0.895000000000000	14.892602999999999
0.896000000000000	14.818433000000001
0.897000000000000	14.766991999999998
0.898000000000000	14.702393000000001
0.899000000000000	14.577978999999999
0.900000000000000	14.542090000000000
0.901000000000000	14.472704999999999
0.902000000000000	14.453564000000000
0.903000000000000	14.353076000000000
0.904000000000000	14.270531999999999
0.905000000000000	14.219092000000000
0.906000000000000	14.149706999999999
0.907000000000000	14.063573999999999
0.908000000000000	13.996582000000000
0.909000000000000	13.930785999999999
0.910000000000000	13.881738000000000
0.911000000000000	13.861401000000001
0.912000000000000	13.735791000000001
0.913000000000000	13.673584000000000
0.914000000000000	13.668799000000000
0.915000000000000	13.600610000000000
0.916000000000000	13.564722000000000
0.917000000000000	13.448682000000000
0.918000000000000	13.439111000000000
0.919000000000000	13.355371000000000
0.920000000000000	13.330249000000000
0.921000000000000	13.295557000000001
0.922000000000000	13.281200999999999
0.923000000000000	13.252490000000000
0.924000000000000	13.199853999999998
0.925000000000000	13.195067999999999
0.926000000000000	13.168749999999999
0.927000000000000	13.144824000000000
0.928000000000000	13.131665000000000
0.929000000000000	13.141235000000000
0.930000000000000	13.096973000000000
0.931000000000000	13.080225000000000
0.932000000000000	13.012036000000000
0.933000000000000	13.038353999999998
0.934000000000000	13.019214000000000
0.935000000000000	13.034765999999999
0.936000000000000	12.995288000000000
0.937000000000000	12.929492000000000
0.938000000000000	12.885229000000001
0.939000000000000	12.916333000000000
0.940000000000000	12.873267000000000
0.941000000000000	12.848145000000001
0.942000000000000	12.857715000000001
0.943000000000000	12.819433999999999
0.944000000000000	12.762012000000000
0.945000000000000	12.762012000000000
0.946000000000000	12.726122999999999
0.947000000000000	12.704590000000000
0.948000000000000	12.695020000000000
0.949000000000000	12.683057000000000
0.950000000000000	12.666309000000000
0.951000000000000	12.660327000000001
0.952000000000000	12.636400999999999
0.953000000000000	12.613671999999999
0.954000000000000	12.572998000000000
0.955000000000000	12.574194000000000
0.956000000000000	12.555054000000000
0.957000000000000	12.534717000000001
0.958000000000000	12.532323999999999
0.959000000000000	12.520360999999999
0.960000000000000	12.479687999999999
0.961000000000000	12.488061999999999
0.962000000000000	12.462939000000000
0.963000000000000	12.429442999999999
0.964000000000000	12.380395999999999
0.965000000000000	12.401929000000001
0.966000000000000	12.412694999999999
0.967000000000000	12.398339999999999
0.968000000000000	12.383984000000000
0.969000000000000	12.368433000000000
0.970000000000000	12.343311000000000
0.971000000000000	12.287084999999999
0.972000000000000	12.289478000000001
0.973000000000000	12.282299999999999
0.974000000000000	12.250000000000000
0.975000000000000	12.220093000000000
0.976000000000000	12.206934000000000
0.977000000000000	12.177026000000000
0.978000000000000	12.162671000000000
0.979000000000000	12.111230000000001
0.980000000000000	12.105249000000001
0.981000000000000	12.095679000000001
0.982000000000000	12.083716000000001
0.983000000000000	12.013135000000000
0.984000000000000	12.057397000000000
0.985000000000000	12.033472000000000
0.986000000000000	12.019116000000000
0.987000000000000	11.974854000000001
0.988000000000000	11.972460999999999
0.989000000000000	11.919824000000002
0.990000000000000	11.913843000000000
0.991000000000000	11.886328000000001
0.992000000000000	11.868384000000001
0.993000000000000	11.870775999999999
0.994000000000000	11.846850999999999
0.995000000000000	11.868384000000001
0.996000000000000	11.852831999999999
0.997000000000000	11.801392000000000
0.998000000000000	11.814551000000002
0.999000000000000	11.838476999999999
1.000000000000000	11.769092000000001
1.001000000000000	11.777466000000000
1.002000000000000	11.748754999999999
1.003000000000000	11.712866000000000
1.004000000000000	11.685352000000000
1.005000000000000	11.655443999999999
1.006000000000000	11.645873999999999
1.007000000000000	11.626733000000000
1.008000000000000	11.649463000000001
1.009000000000000	11.626733000000000
1.010000000000000	11.614770999999999
1.011000000000000	11.655443999999999
1.012000000000000	11.716455000000000
1.013000000000000	11.773877000000001
1.014000000000000	11.758324999999999
1.015000000000000	11.767896000000000
1.016000000000000	11.821728999999999
1.017000000000000	11.864795000000001
1.018000000000000	11.913843000000000
1.019000000000000	11.954516999999999
1.020000000000000	11.954516999999999
1.021000000000000	12.007153000000001
1.022000000000000	12.040649000000000
1.023000000000000	12.053808999999999
1.024000000000000	12.124390000000000
1.025000000000000	12.154297000000000
1.026000000000000	12.198560000000001
1.027000000000000	12.228467000000000
1.028000000000000	12.251196000000000
1.029000000000000	12.291870000000001
1.030000000000000	12.342114000000000
1.031000000000000	12.407909999999999
1.032000000000000	12.453369000000000
1.033000000000000	12.423462000000001
1.034000000000000	12.472510000000000
1.035000000000000	12.516772000000001
1.036000000000000	12.561035000000002
1.037000000000000	12.555054000000000
1.038000000000000	12.571802000000000
1.039000000000000	12.589745999999998
1.040000000000000	12.605297999999999
1.041000000000000	12.618456999999999
1.042000000000000	12.638794000000001
1.043000000000000	12.662720000000000
1.044000000000000	12.714160000000000
1.045000000000000	12.681860000000000
1.046000000000000	12.680664000000000
1.047000000000000	12.706982000000000
1.048000000000000	12.655542000000001
1.049000000000000	12.665112000000001
1.050000000000000	12.662720000000000
1.051000000000000	12.689038000000000
1.052000000000000	12.701001000000000
1.053000000000000	12.643579000000001
1.054000000000000	12.639989999999999
1.055000000000000	12.622045999999999
1.056000000000000	12.608886999999999
1.057000000000000	12.608886999999999
1.058000000000000	12.590941999999998
1.059000000000000	12.553857000000001
1.060000000000000	12.538306000000000
1.061000000000000	12.498828000000000
1.062000000000000	12.467725000000000
1.063000000000000	12.456958000000000
1.064000000000000	12.410303000000001
1.065000000000000	12.369629000000000
1.066000000000000	12.351685000000000
1.067000000000000	12.300243999999999
1.068000000000000	12.257178000000000
1.069000000000000	12.210521999999999
1.070000000000000	12.188988999999999
1.071000000000000	12.126782000000000
1.072000000000000	12.064575000000000
1.073000000000000	11.986815999999999
1.074000000000000	11.946142999999999
1.075000000000000	11.874364999999997
1.076000000000000	11.807373000000000
1.077000000000000	11.747559000000001
1.078000000000000	11.690137000000000
1.079000000000000	11.649463000000001
1.080000000000000	11.544188999999999
1.081000000000000	11.485571000000000
1.082000000000000	11.432935000000001
1.083000000000000	11.367139000000000
1.084000000000000	11.249902000000001
1.085000000000000	11.237939000000001
1.086000000000000	11.143433000000000
1.087000000000000	11.046533000000000
1.088000000000000	10.960400000000000
1.089000000000000	10.850341999999999
1.090000000000000	10.771387000000001
1.091000000000000	10.707983000000000
1.092000000000000	10.573999000000001
1.093000000000000	10.509399000000000
1.094000000000000	10.430444000000000
1.095000000000000	10.294067000000000
1.096000000000000	10.194775000000000
1.097000000000000	10.130176000000002
1.098000000000000	10.009351000000001
1.099000000000000	9.933984000000001
1.100000000000000	9.819141000000000
1.101000000000000	9.706689000000001
1.102000000000000	9.621753000000000
1.103000000000000	9.528442000000000
1.104000000000000	9.427954000000000
1.105000000000000	9.382495000000001
1.106000000000000	9.364551000000001
1.107000000000000	9.326269999999999
1.108000000000000	9.302344000000000
1.109000000000000	9.292773000000000
1.110000000000000	9.280811000000000
1.111000000000000	9.284399000000001
1.112000000000000	9.327465999999999
1.113000000000000	9.310718000000000
1.114000000000000	9.317895999999999
1.115000000000000	9.323877000000000
1.116000000000000	9.337035999999999
1.117000000000000	9.329858000000000
1.118000000000000	9.343018000000001
1.119000000000000	9.270044000000000
1.120000000000000	9.290381000000000
1.121000000000000	9.276025000000001
1.122000000000000	9.250902999999997
1.123000000000000	9.248511000000001
1.124000000000000	9.212622000000000
1.125000000000000	9.232958999999999
1.126000000000000	9.229369999999999
1.127000000000000	9.186304000000000
1.128000000000000	9.244922000000001
1.129000000000000	9.218603999999999
1.130000000000000	9.264062999999998
1.131000000000000	9.228173999999999
1.132000000000000	9.229369999999999
1.133000000000000	9.240137000000001
1.134000000000000	9.229369999999999
1.135000000000000	9.215014999999999
1.136000000000000	9.246117999999999
1.137000000000000	9.228173999999999
1.138000000000000	9.207837000000000
1.139000000000000	9.218603999999999
1.140000000000000	9.215014999999999
1.141000000000000	9.220996000000001
1.142000000000000	9.203052000000000
1.143000000000000	9.191089000000000
1.144000000000000	9.169556000000000
1.145000000000000	9.187500000000000
1.146000000000000	9.152808000000000
1.147000000000000	9.162378000000000
1.148000000000000	9.139647999999999
1.149000000000000	9.110938000000001
1.150000000000000	9.084619000000000
1.151000000000000	9.084619000000000
1.152000000000000	9.030786000000001
1.153000000000000	9.053516000000000
1.154000000000000	9.016431000000001
1.155000000000000	9.000878999999999
1.156000000000000	8.939868000000001
1.157000000000000	8.953027000000001
1.158000000000000	8.895605000000000
1.159000000000000	8.888427999999999
1.160000000000000	8.834595000000000
1.161000000000000	8.842969000000000
1.162000000000000	8.769995000000000
1.163000000000000	8.753247000000000
1.164000000000000	8.713770000000000
1.165000000000000	8.706592000000001
1.166000000000000	8.649170000000000
1.167000000000000	8.631226000000000
1.168000000000000	8.596533000000001
1.169000000000000	8.583373999999999
1.170000000000000	8.517578000000000
1.171000000000000	8.488867000000001
1.172000000000000	8.442212000000000
1.173000000000000	8.418286000000000
1.174000000000000	8.385986000000001
1.175000000000000	8.354882999999999
1.176000000000000	8.323779000000000
1.177000000000000	8.274730999999999
1.178000000000000	8.237646000000000
1.179000000000000	8.194580000000000
1.180000000000000	8.177832000000000
1.181000000000000	8.151514000000001
1.182000000000000	8.120410000000000
1.183000000000000	8.103662000000000
1.184000000000000	8.058203000000001
1.185000000000000	7.992407000000000
1.186000000000000	7.962500000000000
1.187000000000000	7.948145000000000
1.188000000000000	7.890723000000000
1.189000000000000	7.809375000000000
1.190000000000000	7.804590000000000
1.191000000000000	7.738794000000000
1.192000000000000	7.694531000000000
1.193000000000000	7.690942000000000
1.194000000000000	7.627539000000000
1.195000000000000	7.614380000000000
1.196000000000000	7.537817000000000
1.197000000000000	7.498340000000000
1.198000000000000	7.486377000000000
1.199000000000000	7.466040000000000
1.200000000000000	7.499536000000000
1.201000000000000	7.487573000000000
1.202000000000000	7.519873000000000
1.203000000000000	7.527051000000000
1.204000000000000	7.516284000000000
1.205000000000000	7.562939000000000
1.206000000000000	7.568921000000000
1.207000000000000	7.613184000000000
1.208000000000000	7.646680000000000
1.209000000000000	7.686157000000000
1.210000000000000	7.702905000000000
1.211000000000000	7.779468000000000
1.212000000000000	7.772290000000000
1.213000000000000	7.859619000000000
1.214000000000000	7.862012000000000
1.215000000000000	7.907471000000000
1.216000000000000	7.940967000000000
1.217000000000000	7.985229000000000
1.218000000000000	7.988818000000000
1.219000000000000	8.086914000000000
1.220000000000000	8.109643999999999
1.221000000000000	8.141943000000000
1.222000000000000	8.181421000000000
1.223000000000000	8.234057999999999
1.224000000000000	8.272339000000001
1.225000000000000	8.327368000000000
1.226000000000000	8.377611999999999
1.227000000000000	8.397949000000001
1.228000000000000	8.446997000000000
1.229000000000000	8.490062999999999
1.230000000000000	8.547485000000000
1.231000000000000	8.578588999999997
1.232000000000000	8.633618000000000
1.233000000000000	8.676685000000001
1.234000000000000	8.701807000000001
1.235000000000000	8.768799000000000
1.236000000000000	8.764014000000000
1.237000000000000	8.810669000000001
1.238000000000000	8.817847000000002
1.239000000000000	8.860913000000000
1.240000000000000	8.875268999999999
1.241000000000000	8.853735000000000
1.242000000000000	8.845361000000001
1.243000000000000	8.919530999999999
1.244000000000000	8.923119999999999
1.245000000000000	8.939868000000001
1.246000000000000	8.947046000000000
1.247000000000000	8.974561000000000
1.248000000000000	9.024805000000001
1.249000000000000	9.029590000000001
1.250000000000000	9.024805000000001
1.251000000000000	9.051123000000001
1.252000000000000	9.036768000000000
1.253000000000000	9.057104000000001
1.254000000000000	9.045142000000000
1.255000000000000	9.030786000000001
1.256000000000000	9.061890000000000
1.257000000000000	9.060693000000001
1.258000000000000	9.054712000000000
1.259000000000000	8.996093999999998
1.260000000000000	9.040355999999999
1.261000000000000	8.985327000000000
1.262000000000000	9.022411999999999
1.263000000000000	8.957813000000000
1.264000000000000	8.991308999999999
1.265000000000000	8.975757000000000
1.266000000000000	8.959009000000000
1.267000000000000	8.864502000000000
1.268000000000000	8.881250000000000
1.269000000000000	8.813062000000000
1.270000000000000	8.795116999999999
1.271000000000000	8.740088000000000
1.272000000000000	8.700609999999999
1.273000000000000	8.630029000000000
1.274000000000000	8.552270999999999
1.275000000000000	8.486475000000000
1.276000000000000	8.431445000000000
1.277000000000000	8.347705000000000
1.278000000000000	8.299854000000000
1.279000000000000	8.199365000000000
1.280000000000000	8.158690999999999
1.281000000000000	8.046239999999999
1.282000000000000	7.943359000000001
1.283000000000000	7.857227000000000
1.284000000000000	7.784253000000000
1.285000000000000	7.712476000000000
1.286000000000000	7.579688000000000
1.287000000000000	7.460059000000000
1.288000000000000	7.364355000000000
1.289000000000000	7.251904000000000
1.290000000000000	7.129883000000000
1.291000000000000	7.084424000000000
1.292000000000000	7.048535000000001
1.293000000000000	7.007861000000000
1.294000000000000	6.998291000000000
1.295000000000000	6.977954000000000
1.296000000000000	7.021021000000000
1.297000000000000	7.052124000000000
1.298000000000000	7.073657000000000
1.299000000000000	7.114331000000000
1.300000000000000	7.178931000000000
1.301000000000000	7.193286000000000
1.302000000000000	7.242334000000000
1.303000000000000	7.338037000000000
1.304000000000000	7.354785000000000
1.305000000000000	7.377515000000000
1.306000000000000	7.390674000000000
1.307000000000000	7.438525000000000
1.308000000000000	7.440918000000000
1.309000000000000	7.525853999999999
1.310000000000000	7.522266000000000
1.311000000000000	7.572510000000000
1.312000000000000	7.604810000000000
1.313000000000000	7.669409000000000
1.314000000000000	7.730420000000000
1.315000000000000	7.750757000000000
1.316000000000000	7.792627000000000
1.317000000000000	7.834497000000000
1.318000000000000	7.877563000000000
1.319000000000000	7.887134000000000
1.320000000000000	7.934985000000000
1.321000000000000	7.920630000000000
1.322000000000000	7.955322000000000
1.323000000000000	7.969678000000000
1.324000000000000	8.007959000000000
1.325000000000000	8.010351999999999
1.326000000000000	8.048633000000001
1.327000000000000	8.090503000000000
1.328000000000000	8.155103000000000
1.329000000000000	8.201758000000000
1.330000000000000	8.268750000000001
1.331000000000000	8.298657000000000
1.332000000000000	8.365648999999999
1.333000000000000	8.364452999999999
1.334000000000000	8.425464000000000
1.335000000000000	8.484082000000001
1.336000000000000	8.496045000000001
1.337000000000000	8.522363000000000
1.338000000000000	8.592943999999999
1.339000000000000	8.607300000000000
1.340000000000000	8.697020999999999
1.341000000000000	8.703003000000001
1.342000000000000	8.742480000000001
1.343000000000000	8.766406000000000
1.344000000000000	8.838184000000000
1.345000000000000	8.808275999999999
1.346000000000000	8.878856999999998
1.347000000000000	8.883642999999999
1.348000000000000	8.914745999999999
1.349000000000000	8.906371999999999
1.350000000000000	8.921924000000001
1.351000000000000	8.933887000000000
1.352000000000000	8.936279000000001
1.353000000000000	8.900391000000001
1.354000000000000	8.892016999999999
1.355000000000000	8.909960999999999
1.356000000000000	8.927905000000001
1.357000000000000	8.902782999999999
1.358000000000000	8.834595000000000
1.359000000000000	8.869287000000000
1.360000000000000	8.862109000000000
1.361000000000000	8.888427999999999
1.362000000000000	8.877660999999998
1.363000000000000	8.883642999999999
1.364000000000000	8.872876000000000
1.365000000000000	8.865698000000000
1.366000000000000	8.881250000000000
1.367000000000000	8.893212999999999
1.368000000000000	8.851343000000000
1.369000000000000	8.838184000000000
1.370000000000000	8.810669000000001
1.371000000000000	8.816649999999999
1.372000000000000	8.765210000000000
1.373000000000000	8.755640000000000
1.374000000000000	8.730518000000000
1.375000000000000	8.706592000000001
1.376000000000000	8.659936999999999
1.377000000000000	8.655151000000002
1.378000000000000	8.608496000000001
1.379000000000000	8.610889000000000
1.380000000000000	8.561840999999999
1.381000000000000	8.552270999999999
1.382000000000000	8.563037000000000
1.383000000000000	8.509204000000000
1.384000000000000	8.473315000000000
1.385000000000000	8.438623000000000
1.386000000000000	8.420679000000000
1.387000000000000	8.351293999999999
1.388000000000000	8.351293999999999
1.389000000000000	8.315405000000000
1.390000000000000	8.292676000000000
1.391000000000000	8.234057999999999
1.392000000000000	8.217309999999999
1.393000000000000	8.206543000000000
1.394000000000000	8.198169000000000
1.395000000000000	8.129980000000000
1.396000000000000	8.122802999999999
1.397000000000000	8.046239999999999
1.398000000000000	8.092896000000000
1.399000000000000	8.055811000000000
1.400000000000000	8.055811000000000
1.401000000000000	8.011547999999999
1.402000000000000	8.016333000000000
1.403000000000000	7.969678000000000
1.404000000000000	7.920630000000000
1.405000000000000	7.934985000000000
1.406000000000000	7.925415000000000
1.407000000000000	7.883545000000000
1.408000000000000	7.864404000000000
1.409000000000000	7.852441000000000
1.410000000000000	7.821338000000000
1.411000000000000	7.777075000000000
1.412000000000000	7.751953000000000
1.413000000000000	7.802197000000000
1.414000000000000	7.822534000000000
1.415000000000000	7.845264000000000
1.416000000000000	7.838086000000000
1.417000000000000	7.844067000000000
1.418000000000000	7.926611000000000
1.419000000000000	7.915845000000000
1.420000000000000	7.990015000000000
1.421000000000000	8.036670000000001
1.422000000000000	8.082129000000000
1.423000000000000	8.132372999999999
1.424000000000000	8.165869000000001
1.425000000000000	8.165869000000001
1.426000000000000	8.224487000000000
1.427000000000000	8.250806000000001
1.428000000000000	8.297461000000000
1.429000000000000	8.335742000000000
1.430000000000000	8.363257000000001
1.431000000000000	8.436230000000000
1.432000000000000	8.492456000000001
1.433000000000000	8.546289000000000
1.434000000000000	8.600122000000001
1.435000000000000	8.695824999999999
1.436000000000000	8.707788000000001
1.437000000000000	8.780761999999999
1.438000000000000	8.844165000000000
1.439000000000000	8.909960999999999
1.440000000000000	8.978149000000000
1.441000000000000	9.040355999999999
1.442000000000000	9.071459999999998
1.443000000000000	9.106152000000000
1.444000000000000	9.183911000000000
1.445000000000000	9.234154999999999
1.446000000000000	9.290381000000000
1.447000000000000	9.399243000000000
1.448000000000000	9.395654000000000
1.449000000000000	9.420776000000000
1.450000000000000	9.456664999999999
1.451000000000000	9.547583000000000
1.452000000000000	9.595435000000000
1.453000000000000	9.612183000000000
1.454000000000000	9.624146000000000
1.455000000000000	9.675585999999999
1.456000000000000	9.719849000000000
1.457000000000000	9.743774000000002
1.458000000000000	9.749756000000000
1.459000000000000	9.784447999999999
1.460000000000000	9.853833000000000
1.461000000000000	9.900487999999999
1.462000000000000	9.945947000000000
1.463000000000000	9.986621000000000
1.464000000000000	10.026099000000000
1.465000000000000	10.075146000000000
1.466000000000000	10.118213000000001
1.467000000000000	10.136157000000001
1.468000000000000	10.200756999999999
1.469000000000000	10.206738000000000
1.470000000000000	10.235448999999999
1.471000000000000	10.266553000000000
1.472000000000000	10.325170999999999
1.473000000000000	10.283301000000000
1.474000000000000	10.313207999999999
1.475000000000000	10.332349000000001
1.476000000000000	10.368237000000001
1.477000000000000	10.347899999999999
1.478000000000000	10.388574000000000
1.479000000000000	10.375415000000000
1.480000000000000	10.400537000000000
1.481000000000000	10.383788999999998
1.482000000000000	10.364648000000001
1.483000000000000	10.357471000000000
1.484000000000000	10.355078000000001
1.485000000000000	10.328760000000001
1.486000000000000	10.291675000000000
1.487000000000000	10.224683000000001
1.488000000000000	10.192383000000000
1.489000000000000	10.107445999999999
1.490000000000000	10.063184000000000
1.491000000000000	10.016527999999999
1.492000000000000	9.974658000000000
1.493000000000000	10.005762000000001
1.494000000000000	9.986621000000000
1.495000000000000	10.002173000000001
1.496000000000000	10.047632000000000
1.497000000000000	10.087109000000000
1.498000000000000	10.128978999999999
1.499000000000000	10.185205000000000
1.500000000000000	10.246216000000000
1.501000000000000	10.302441000000000
1.502000000000000	10.321581999999999
1.503000000000000	10.407715000000000
1.504000000000000	10.444800000000001
1.505000000000000	10.530932999999997
1.506000000000000	10.570410000000001
1.507000000000000	10.623047000000000
1.508000000000000	10.669701999999999
1.509000000000000	10.707983000000000
1.510000000000000	10.794116000000001
1.511000000000000	10.812061000000000
1.512000000000000	10.873070999999999
1.513000000000000	10.946045000000000
1.514000000000000	10.990308000000001
1.515000000000000	11.063281000000000
1.516000000000000	11.064477999999999
1.517000000000000	11.126685000000000
1.518000000000000	11.211620999999999
1.519000000000000	11.269043000000000
1.520000000000000	11.251099000000000
1.521000000000000	11.307323999999999
1.522000000000000	11.320482999999999
1.523000000000000	11.356372000000000
1.524000000000000	11.359961000000000
1.525000000000000	11.399438000000000
1.526000000000000	11.452075000000001
1.527000000000000	11.464038000000000
1.528000000000000	11.476001000000000
1.529000000000000	11.519067000000000
1.530000000000000	11.505908000000000
1.531000000000000	11.541797000000001
1.532000000000000	11.562134000000000
1.533000000000000	11.540601000000001
1.534000000000000	11.513085999999999
1.535000000000000	11.540601000000001
1.536000000000000	11.490356000000000
1.537000000000000	11.490356000000000
1.538000000000000	11.449683000000000
1.539000000000000	11.385083000000000
1.540000000000000	11.382690000000000
1.541000000000000	11.306127999999999
1.542000000000000	11.271436000000000
1.543000000000000	11.225977000000000
1.544000000000000	11.205640000000001
1.545000000000000	11.151807000000000
1.546000000000000	11.099169999999999
1.547000000000000	10.999878000000001
1.548000000000000	10.973560000000001
1.549000000000000	10.924512000000000
1.550000000000000	10.843164000000000
1.551000000000000	10.766602000000001
1.552000000000000	10.731909000000000
1.553000000000000	10.577588000000002
1.554000000000000	10.550072999999999
1.555000000000000	10.448389000000001
1.556000000000000	10.380200000000000
1.557000000000000	10.268945000000000
1.558000000000000	10.230664000000001
1.559000000000000	10.139746000000001
1.560000000000000	10.072754000000000
1.561000000000000	9.990209999999999
1.562000000000000	9.930396000000000
1.563000000000000	9.876563000000001
1.564000000000000	9.776074000000000
1.565000000000000	9.711474999999998
1.566000000000000	9.596631000000000
1.567000000000000	9.530835000000000
1.568000000000000	9.468628000000001
1.569000000000000	9.337035999999999
1.570000000000000	9.197070000000000
1.571000000000000	9.104956000000000
1.572000000000000	8.945850000000000
1.573000000000000	8.894409000000000
1.574000000000000	8.711377000000001
1.575000000000000	8.620459000000000
1.576000000000000	8.545093000000000
1.577000000000000	8.394360000000001
1.578000000000000	8.284302000000000
1.579000000000000	8.173047000000000
1.580000000000000	8.049829000000001
1.581000000000000	7.929004000000000
1.582000000000000	7.805786000000000
1.583000000000000	7.742383000000000
1.584000000000000	7.652661000000000
1.585000000000000	7.552173000000000
1.586000000000000	7.394263000000000
1.587000000000000	7.310522000000000
1.588000000000000	7.181323000000000
1.589000000000000	7.080835000000000
1.590000000000000	6.969580000000000
1.591000000000000	6.863110000000000
1.592000000000000	6.774585000000000
1.593000000000000	6.651367000000000
1.594000000000000	6.562842000000001
1.595000000000000	6.487476000000000
1.596000000000000	6.389380000000000
1.597000000000000	6.287695000000000
1.598000000000000	6.189600000000000
1.599000000000000	6.127393000000000
1.600000000000000	6.035278000000000
1.601000000000000	5.943164000000000
1.602000000000000	5.865405000000000
1.603000000000000	5.770898000000000
1.604000000000000	5.714673000000000
1.605000000000000	5.563940000000000
1.606000000000000	5.507715000000000
1.607000000000000	5.407227000000000
1.608000000000000	5.340234000000000
1.609000000000000	5.240942000000000
1.610000000000000	5.170361000000000
1.611000000000000	5.080640000000000
1.612000000000000	5.029199000000000
1.613000000000000	4.926318000000000
1.614000000000000	4.883252000000000
1.615000000000000	4.825830000000000
1.616000000000000	4.739697000000000
1.617000000000000	4.663135000000000
1.618000000000000	4.608105000000000
1.619000000000000	4.523169000000000
1.620000000000000	4.471729000000000
1.621000000000000	4.395166000000000
1.622000000000000	4.310229000000000
1.623000000000000	4.264771000000000
1.624000000000000	4.218115000000000
1.625000000000000	4.167871000000000
1.626000000000000	4.103271000000000
1.627000000000000	4.026709000000000
1.628000000000000	3.962109000000000
1.629000000000000	3.907080000000000
1.630000000000000	3.907080000000000
1.631000000000000	3.822144000000000
1.632000000000000	3.774292000000000
1.633000000000000	3.755151000000000
1.634000000000000	3.697729000000000
1.635000000000000	3.631934000000000
1.636000000000000	3.566138000000000
1.637000000000000	3.546997000000000
1.638000000000000	3.480005000000000
1.639000000000000	3.415405000000000
1.640000000000000	3.368750000000000
1.641000000000000	3.355591000000000
1.642000000000000	3.302954000000000
1.643000000000000	3.237158000000000
1.644000000000000	3.212036000000000
1.645000000000000	3.178540000000000
1.646000000000000	3.147437000000000
1.647000000000000	3.100781000000000
1.648000000000000	3.045752000000000
1.649000000000000	3.031396000000000
1.650000000000000	2.971582000000000
1.651000000000000	2.933301000000000
1.652000000000000	2.926123000000000
1.653000000000000	2.872290000000000
1.654000000000000	2.847168000000000
1.655000000000000	2.787354000000000
1.656000000000000	2.723950000000000
1.657000000000000	2.704810000000000
1.658000000000000	2.672510000000000
1.659000000000000	2.685669000000000
1.660000000000000	2.601929000000000
1.661000000000000	2.605518000000000
1.662000000000000	2.552881000000000
1.663000000000000	2.532544000000001
1.664000000000000	2.464355000000000
1.665000000000000	2.459570000000000
1.666000000000000	2.432056000000000
1.667000000000000	2.444019000000000
1.668000000000000	2.363867000000000
1.669000000000000	2.339941000000000
1.670000000000000	2.295679000000000
1.671000000000000	2.226294000000000
1.672000000000000	2.255005000000000
1.673000000000000	2.196387000000000
1.674000000000000	2.176050000000000
1.675000000000000	2.124609000000000
1.676000000000000	2.109058000000000
1.677000000000000	2.092310000000000
1.678000000000000	2.067188000000000
1.679000000000000	2.016943000000000
1.680000000000000	2.022925000000000
1.681000000000000	1.969092000000000
1.682000000000000	1.952344000000000
1.683000000000000	1.914063000000000
1.684000000000000	1.902100000000000
1.685000000000000	1.888940000000000
1.686000000000000	1.842285000000000
1.687000000000000	1.806396000000000
1.688000000000000	1.780078000000000
1.689000000000000	1.726245000000000
1.690000000000000	1.690356000000000
1.691000000000000	1.695142000000000
1.692000000000000	1.638916000000000
1.693000000000000	1.620972000000000
1.694000000000000	1.594653000000000
1.695000000000000	1.581494000000000
1.696000000000000	1.573120000000000
1.697000000000000	1.491772000000000
1.698000000000000	1.531250000000000
1.699000000000000	1.500146000000000
1.700000000000000	1.455884000000000
1.701000000000000	1.429565000000000
1.702000000000000	1.429565000000000
1.703000000000000	1.364966000000000
1.704000000000000	1.390088000000000
1.705000000000000	1.336255000000000
1.706000000000000	1.305151000000000
1.707000000000000	1.266870000000000
1.708000000000000	1.277637000000000
1.709000000000000	1.228589000000000
1.710000000000000	1.223804000000000
1.711000000000000	1.189111000000000
1.712000000000000	1.149634000000000
1.713000000000000	1.159204000000000
1.714000000000000	1.146045000000000
1.715000000000000	1.106567000000000
1.716000000000000	1.101782000000000
1.717000000000000	1.098193000000000
1.718000000000000	1.063501000000000
1.719000000000000	1.040771000000000
1.720000000000000	0.998901000000000
1.721000000000000	1.006079000000000
1.722000000000000	0.927124000000000
1.723000000000000	0.943872000000000
1.724000000000000	0.906787000000000
1.725000000000000	0.898413000000000
1.726000000000000	0.862524000000000
1.727000000000000	0.837402000000000
1.728000000000000	0.826636000000000
1.729000000000000	0.827832000000000
1.730000000000000	0.771606000000000
1.731000000000000	0.783569000000000
1.732000000000000	0.764429000000000
1.733000000000000	0.779980000000000
1.734000000000000	0.733325000000000
1.735000000000000	0.717773000000000
1.736000000000000	0.720166000000000
1.737000000000000	0.705811000000000
1.738000000000000	0.691455000000000
1.739000000000000	0.665137000000000
1.740000000000000	0.641211000000000
1.741000000000000	0.628052000000000
1.742000000000000	0.592163000000000
1.743000000000000	0.612500000000000
1.744000000000000	0.569434000000000
1.745000000000000	0.584985000000000
1.746000000000000	0.553882000000000
1.747000000000000	0.547900000000000
1.748000000000000	0.552686000000000
1.749000000000000	0.537134000000000
1.750000000000000	0.519189000000000
1.751000000000000	0.538330000000000
1.752000000000000	0.508423000000000
1.753000000000000	0.468945000000000
1.754000000000000	0.453394000000000
1.755000000000000	0.458179000000000
1.756000000000000	0.439038000000000
1.757000000000000	0.433057000000000
1.758000000000000	0.401953000000000
1.759000000000000	0.388794000000000
1.760000000000000	0.349316000000000
1.761000000000000	0.361279000000000
1.762000000000000	0.393579000000000
1.763000000000000	0.367261000000000
1.764000000000000	0.375635000000000
1.765000000000000	0.328979000000000
1.766000000000000	0.354102000000000
1.767000000000000	0.360083000000000
1.768000000000000	0.332568000000000
1.769000000000000	0.317017000000000
1.770000000000000	0.333765000000000
1.771000000000000	0.319409000000000
1.772000000000000	0.293091000000000
1.773000000000000	0.265576000000000
1.774000000000000	0.247632000000000
1.775000000000000	0.242847000000000
1.776000000000000	0.253613000000000
1.777000000000000	0.215332000000000
1.778000000000000	0.242847000000000
1.779000000000000	0.224902000000000
1.780000000000000	0.246436000000000
1.781000000000000	0.229688000000000
1.782000000000000	0.239258000000000
1.783000000000000	0.224902000000000
1.784000000000000	0.180640000000000
1.785000000000000	0.218921000000000
1.786000000000000	0.211743000000000
1.787000000000000	0.181836000000000
1.788000000000000	0.162695000000000
1.789000000000000	0.175854000000000
1.790000000000000	0.142358000000000
1.791000000000000	0.171069000000000
1.792000000000000	0.123218000000000
1.793000000000000	0.147144000000000
1.794000000000000	0.159106000000000
1.795000000000000	0.136377000000000
1.796000000000000	0.151929000000000
1.797000000000000	0.132788000000000
1.798000000000000	0.131592000000000
1.799000000000000	0.128003000000000
1.800000000000000	0.120825000000000
1.801000000000000	0.100488000000000
1.802000000000000	0.108862000000000
1.803000000000000	0.138770000000000
1.804000000000000	0.104077000000000
1.805000000000000	0.099292000000000
1.806000000000000	0.098096000000000
1.807000000000000	0.099292000000000
1.808000000000000	0.065796000000000
1.809000000000000	0.076563000000000
1.810000000000000	0.086133000000000
1.811000000000000	0.077759000000000
1.812000000000000	0.081348000000000
1.813000000000000	0.062207000000000
1.814000000000000	0.082544000000000
1.815000000000000	0.068188000000000
1.816000000000000	0.104077000000000
1.817000000000000	0.076563000000000
1.818000000000000	0.092114000000000
1.819000000000000	0.062207000000000
1.820000000000000	0.065796000000000
1.821000000000000	0.070581000000000
1.822000000000000	0.050244000000000
1.823000000000000	0.057422000000000
1.824000000000000	0.050244000000000
1.825000000000000	0.037085000000000
1.826000000000000	0.033496000000000
1.827000000000000	0.052637000000000
1.828000000000000	0.034692000000000
1.829000000000000	0.041870000000000
1.830000000000000	0.026318000000000
1.831000000000000	0.017944000000000
1.832000000000000	0.035889000000000
1.833000000000000	0.050244000000000
1.834000000000000	0.047852000000000
1.835000000000000	0.053833000000000
1.836000000000000	0.047852000000000
1.837000000000000	0.001196000000000
1.838000000000000	0.034692000000000
1.839000000000000	0.000000000000000
1.840000000000000	0.014355000000000
1.841000000000000	0.014355000000000
1.842000000000000	0.020337000000000
1.843000000000000	0.004785000000000
1.844000000000000	0.000000000000000
1.845000000000000	0.014355000000000
1.846000000000000	0.020337000000000
1.847000000000000	0.014355000000000
1.848000000000000	0.016748000000000
1.849000000000000	0.015552000000000
1.850000000000000	0.016748000000000
1.851000000000000	0.000000000000000
1.852000000000000	0.027515000000000
1.853000000000000	0.033496000000000
1.854000000000000	0.000000000000000
1.855000000000000	0.000000000000000
1.856000000000000	0.008374000000000
1.857000000000000	0.000000000000000
1.858000000000000	0.000000000000000
1.859000000000000	0.000000000000000
1.860000000000000	0.000000000000000
1.861000000000000	0.000000000000000
1.862000000000000	0.002393000000000
1.863000000000000	0.008374000000000
1.864000000000000	0.000000000000000
1.865000000000000	0.027515000000000
1.866000000000000	0.005981000000000
1.867000000000000	0.020337000000000
1.868000000000000	0.000000000000000
1.869000000000000	0.000000000000000
1.870000000000000	0.000000000000000
1.871000000000000	0.000000000000000
1.872000000000000	0.000000000000000
1.873000000000000	0.001196000000000
1.874000000000000	0.000000000000000
1.875000000000000	0.000000000000000
1.876000000000000	0.000000000000000
1.877000000000000	0.000000000000000
1.878000000000000	0.000000000000000
1.879000000000000	0.000000000000000
1.880000000000000	0.000000000000000
1.881000000000000	0.021533000000000
1.882000000000000	0.000000000000000
1.883000000000000	0.019141000000000
1.884000000000000	0.023926000000000
1.885000000000000	0.043066000000000
1.886000000000000	0.004785000000000
1.887000000000000	0.000000000000000
1.888000000000000	0.000000000000000
1.889000000000000	0.000000000000000
1.890000000000000	0.000000000000000
1.891000000000000	0.000000000000000
1.892000000000000	0.000000000000000
1.893000000000000	0.000000000000000
1.894000000000000	0.000000000000000
1.895000000000000	0.000000000000000
1.896000000000000	0.000000000000000
1.897000000000000	0.000000000000000
1.898000000000000	0.040674000000000
1.899000000000000	0.008374000000000
1.900000000000000	0.029907000000000
1.901000000000000	0.000000000000000
1.902000000000000	0.017944000000000
1.903000000000000	0.000000000000000
1.904000000000000	0.038281000000000
1.905000000000000	0.021533000000000
1.906000000000000	0.003589000000000
1.907000000000000	0.000000000000000
1.908000000000000	0.000000000000000
1.909000000000000	0.000000000000000
1.910000000000000	0.000000000000000
1.911000000000000	0.000000000000000
1.912000000000000	0.000000000000000
1.913000000000000	0.000000000000000
1.914000000000000	0.000000000000000
1.915000000000000	0.013159000000000
1.916000000000000	0.008374000000000
1.917000000000000	0.000000000000000
1.918000000000000	0.025122000000000
1.919000000000000	0.007178000000000
1.920000000000000	0.000000000000000
1.921000000000000	0.017944000000000
1.922000000000000	0.000000000000000
1.923000000000000	0.000000000000000
1.924000000000000	0.000000000000000
1.925000000000000	0.000000000000000
1.926000000000000	0.000000000000000
1.927000000000000	0.000000000000000
1.928000000000000	0.000000000000000
1.929000000000000	0.000000000000000
1.930000000000000	0.001196000000000
1.931000000000000	0.037085000000000
1.932000000000000	0.029907000000000
1.933000000000000	0.023926000000000
1.934000000000000	0.017944000000000
1.935000000000000	0.015552000000000
1.936000000000000	0.009570000000000
1.937000000000000	0.032300000000000
1.938000000000000	0.017944000000000
1.939000000000000	0.000000000000000
1.940000000000000	0.000000000000000
1.941000000000000	0.003589000000000
1.942000000000000	0.000000000000000
1.943000000000000	0.023926000000000
1.944000000000000	0.000000000000000
1.945000000000000	0.000000000000000
1.946000000000000	0.000000000000000
1.947000000000000	0.000000000000000
1.948000000000000	0.000000000000000
1.949000000000000	0.007178000000000
1.950000000000000	0.008374000000000
1.951000000000000	0.000000000000000
1.952000000000000	0.028711000000000
1.953000000000000	0.017944000000000
1.954000000000000	0.000000000000000
1.955000000000000	0.000000000000000
1.956000000000000	0.000000000000000
1.957000000000000	0.000000000000000
1.958000000000000	0.000000000000000
1.959000000000000	0.000000000000000
1.960000000000000	0.000000000000000
1.961000000000000	0.005981000000000
1.962000000000000	0.000000000000000
1.963000000000000	0.007178000000000
1.964000000000000	0.001196000000000
1.965000000000000	0.001196000000000
1.966000000000000	0.003589000000000
1.967000000000000	0.004785000000000
1.968000000000000	0.000000000000000
1.969000000000000	0.015552000000000
1.970000000000000	0.000000000000000
1.971000000000000	0.000000000000000
1.972000000000000	0.019141000000000
1.973000000000000	0.000000000000000
1.974000000000000	0.000000000000000
1.975000000000000	0.000000000000000
1.976000000000000	0.000000000000000
1.977000000000000	0.000000000000000
1.978000000000000	0.000000000000000
1.979000000000000	0.000000000000000
1.980000000000000	0.023926000000000
1.981000000000000	0.005981000000000
1.982000000000000	0.003589000000000
1.983000000000000	0.033496000000000
1.984000000000000	0.008374000000000
1.985000000000000	0.013159000000000
1.986000000000000	0.013159000000000
1.987000000000000	0.002393000000000
1.988000000000000	0.000000000000000
1.989000000000000	0.005981000000000
1.990000000000000	0.000000000000000
1.991000000000000	0.000000000000000
1.992000000000000	0.000000000000000
1.993000000000000	0.000000000000000
1.994000000000000	0.000000000000000
1.995000000000000	0.000000000000000
1.996000000000000	0.008374000000000
1.997000000000000	0.020337000000000
1.998000000000000	0.003589000000000
1.999000000000000	0.000000000000000
2.000000000000000	0.013159000000000