Force produced by a submaximally-activated cat soleus muscle in vivo while
applying length changes of maximum amplitude 8.0 mm and a constant-frequency
stimulation signal of 30 Hz. Experimental data was provided by T.G. Sandercock
[1]. Please refer to Millard et al. [2] for details.

References:
    1. Perreault, E.J., Heckman, C.J., and Sandercock, T.G., 2003. "Hill
       muscle model errors during movement are greatest within the
       physiologically relevant range of motor unit firing rates". Journal
       of Biomechanics, 36(2), pp. 211--218.
       http://dx.doi.org/10.1016/S0021-9290(02)00332-9.
    2. Millard, M., Uchida, T., Seth, A., and Delp, S.L., 2013. "Flexing
       computational muscle: Modeling and simulation of musculotendon
       dynamics". ASME Journal of Biomechanical Engineering, 135(2),
       p. 021013 (11 pages). http://dx.doi.org/10.1115/1.4023390.

endheader
time_s	force_N
0.000000000000000	0.000000000000000
0.001000000000000	0.000000000000000
0.002000000000000	0.000000000000000
0.003000000000000	0.013159000000000
0.004000000000000	0.029907000000000
0.005000000000000	0.000000000000000
0.006000000000000	0.000000000000000
0.007000000000000	0.000000000000000
0.008000000000000	0.000000000000000
0.009000000000000	0.011963000000000
0.010000000000000	0.002393000000000
0.011000000000000	0.000000000000000
0.012000000000000	0.000000000000000
0.013000000000000	0.000000000000000
0.014000000000000	0.001196000000000
0.015000000000000	0.001196000000000
0.016000000000000	0.013159000000000
0.017000000000000	0.015552000000000
0.018000000000000	0.017944000000000
0.019000000000000	0.023926000000000
0.020000000000000	0.000000000000000
0.021000000000000	0.011963000000000
0.022000000000000	0.000000000000000
0.023000000000000	0.000000000000000
0.024000000000000	0.000000000000000
0.025000000000000	0.000000000000000
0.026000000000000	0.000000000000000
0.027000000000000	0.000000000000000
0.028000000000000	0.000000000000000
0.029000000000000	0.000000000000000
0.030000000000000	0.000000000000000
0.031000000000000	0.000000000000000
0.032000000000000	0.013159000000000
0.033000000000000	0.000000000000000
0.034000000000000	0.000000000000000
0.035000000000000	0.014355000000000
0.036000000000000	0.009570000000000
0.037000000000000	0.002393000000000
0.038000000000000	0.010767000000000
0.039000000000000	0.000000000000000
0.040000000000000	0.000000000000000
0.041000000000000	0.000000000000000
0.042000000000000	0.000000000000000
0.043000000000000	0.000000000000000
0.044000000000000	0.000000000000000
0.045000000000000	0.001196000000000
0.046000000000000	0.000000000000000
0.047000000000000	0.000000000000000
0.048000000000000	0.007178000000000
0.049000000000000	0.015552000000000
0.050000000000000	0.016748000000000
0.051000000000000	0.035889000000000
0.052000000000000	0.000000000000000
0.053000000000000	0.000000000000000
0.054000000000000	0.000000000000000
0.055000000000000	0.000000000000000
0.056000000000000	0.002393000000000
0.057000000000000	0.000000000000000
0.058000000000000	0.003589000000000
0.059000000000000	0.000000000000000
0.060000000000000	0.000000000000000
0.061000000000000	0.000000000000000
0.062000000000000	0.000000000000000
0.063000000000000	0.001196000000000
0.064000000000000	0.043066000000000
0.065000000000000	0.011963000000000
0.066000000000000	0.000000000000000
0.067000000000000	0.000000000000000
0.068000000000000	0.014355000000000
0.069000000000000	0.025122000000000
0.070000000000000	0.009570000000000
0.071000000000000	0.004785000000000
0.072000000000000	0.000000000000000
0.073000000000000	0.000000000000000
0.074000000000000	0.000000000000000
0.075000000000000	0.000000000000000
0.076000000000000	0.000000000000000
0.077000000000000	0.000000000000000
0.078000000000000	0.000000000000000
0.079000000000000	0.003589000000000
0.080000000000000	0.000000000000000
0.081000000000000	0.000000000000000
0.082000000000000	0.022729000000000
0.083000000000000	0.032300000000000
0.084000000000000	0.001196000000000
0.085000000000000	0.000000000000000
0.086000000000000	0.000000000000000
0.087000000000000	0.023926000000000
0.088000000000000	0.023926000000000
0.089000000000000	0.000000000000000
0.090000000000000	0.000000000000000
0.091000000000000	0.004785000000000
0.092000000000000	0.000000000000000
0.093000000000000	0.000000000000000
0.094000000000000	0.000000000000000
0.095000000000000	0.010767000000000
0.096000000000000	0.007178000000000
0.097000000000000	0.000000000000000
0.098000000000000	0.000000000000000
0.099000000000000	0.000000000000000
0.100000000000000	0.000000000000000
0.101000000000000	0.000000000000000
0.102000000000000	0.015552000000000
0.103000000000000	0.009570000000000
0.104000000000000	0.000000000000000
0.105000000000000	0.000000000000000
0.106000000000000	0.000000000000000
0.107000000000000	0.016748000000000
0.108000000000000	0.003589000000000
0.109000000000000	0.013159000000000
0.110000000000000	0.025122000000000
0.111000000000000	0.059814000000000
0.112000000000000	0.056226000000000
0.113000000000000	0.122021000000000
0.114000000000000	0.163892000000000
0.115000000000000	0.186621000000000
0.116000000000000	0.278735000000000
0.117000000000000	0.284717000000000
0.118000000000000	0.330176000000000
0.119000000000000	0.364868000000000
0.120000000000000	0.446216000000000
0.121000000000000	0.422290000000000
0.122000000000000	0.501245000000000
0.123000000000000	0.523975000000000
0.124000000000000	0.573022000000000
0.125000000000000	0.616089000000000
0.126000000000000	0.673511000000000
0.127000000000000	0.727344000000000
0.128000000000000	0.769214000000000
0.129000000000000	0.827832000000000
0.130000000000000	0.890039000000000
0.131000000000000	0.952246000000000
0.132000000000000	1.047949000000000
0.133000000000000	1.101782000000000
0.134000000000000	1.163989000000000
0.135000000000000	1.241748000000000
0.136000000000000	1.253711000000000
0.137000000000000	1.347021000000000
0.138000000000000	1.436743000000000
0.139000000000000	1.478613000000000
0.140000000000000	1.553979000000000
0.141000000000000	1.631738000000000
0.142000000000000	1.745386000000000
0.143000000000000	1.865015000000000
0.144000000000000	2.022925000000000
0.145000000000000	2.180835000000000
0.146000000000000	2.349512000000000
0.147000000000000	2.558862000000000
0.148000000000000	2.765820000000000
0.149000000000000	2.952441000000000
0.150000000000000	3.158203000000000
0.151000000000000	3.386694000000000
0.152000000000000	3.600830000000000
0.153000000000000	3.873584000000000
0.154000000000000	4.133179000000000
0.155000000000000	4.329370000000000
0.156000000000000	4.596143000000000
0.157000000000000	4.830615000000000
0.158000000000000	5.057910000000000
0.159000000000000	5.327075000000000
0.160000000000000	5.584277000000000
0.161000000000000	5.864209000000000
0.162000000000000	6.113037000000000
0.163000000000000	6.382202000000000
0.164000000000000	6.682471000000000
0.165000000000000	7.007861000000001
0.166000000000000	7.299756000000000
0.167000000000000	7.629932000000000
0.168000000000000	7.933789000000000
0.169000000000000	8.281909000000001
0.170000000000000	8.591748000000001
0.171000000000000	8.933887000000000
0.172000000000000	9.267651000000001
0.173000000000000	9.621753000000000
0.174000000000000	9.993798999999999
0.175000000000000	10.381396000000001
0.176000000000000	10.790527000000001
0.177000000000000	11.234351000000000
0.178000000000000	11.739185000000001
0.179000000000000	12.228467000000000
0.180000000000000	12.770386000000000
0.181000000000000	13.277612000000000
0.182000000000000	13.793212999999998
0.183000000000000	14.348291000000001
0.184000000000000	14.883032000000000
0.185000000000000	15.447680999999999
0.186000000000000	15.960889000000000
0.187000000000000	16.549462999999999
0.188000000000000	17.075830000000000
0.189000000000000	17.584253000000000
0.190000000000000	18.050806000000001
0.191000000000000	18.512573000000000
0.192000000000000	19.016210999999998
0.193000000000000	19.491137999999999
0.194000000000000	19.931372000000000
0.195000000000000	20.330933000000002
0.196000000000000	20.748438000000000
0.197000000000000	21.173120000000001
0.198000000000000	21.517651000000001
0.199000000000000	21.871752999999998
0.200000000000000	22.204321000000000
0.201000000000000	22.515356000000001
0.202000000000000	22.788110000000000
0.203000000000000	22.984302000000000
0.204000000000000	23.258251999999999
0.205000000000000	23.443677000000001
0.206000000000000	23.621924000000000
0.207000000000000	23.763086000000001
0.208000000000000	23.974829000000000
0.209000000000000	24.174609000000000
0.210000000000000	24.395923000000000
0.211000000000000	24.665088000000001
0.212000000000000	24.925878999999998
0.213000000000000	25.157959000000002
0.214000000000000	25.361328000000000
0.215000000000000	25.574268000000000
0.216000000000000	25.801563000000002
0.217000000000000	25.946313000000000
0.218000000000000	26.185570999999999
0.219000000000000	26.348267000000000
0.220000000000000	26.478662000000000
0.221000000000000	26.563599000000000
0.222000000000000	26.638964999999999
0.223000000000000	26.692798000000000
0.224000000000000	26.703564000000000
0.225000000000000	26.735863999999999
0.226000000000000	26.698778999999998
0.227000000000000	26.720313000000001
0.228000000000000	26.658104999999999
0.229000000000000	26.604272000000002
0.230000000000000	26.534887999999999
0.231000000000000	26.470288000000000
0.232000000000000	26.386548000000001
0.233000000000000	26.283667000000001
0.234000000000000	26.118579000000000
0.235000000000000	25.963062000000001
0.236000000000000	25.781226000000000
0.237000000000000	25.611353000000001
0.238000000000000	25.372095000000002
0.239000000000000	25.171118000000000
0.240000000000000	24.922290000000000
0.241000000000000	24.675854000000001
0.242000000000000	24.449756000000001
0.243000000000000	24.245190000000001
0.244000000000000	24.064551000000002
0.245000000000000	23.934155000000001
0.246000000000000	23.741553000000000
0.247000000000000	23.544165000000000
0.248000000000000	23.355150999999999
0.249000000000000	23.129052999999999
0.250000000000000	22.862279999999998
0.251000000000000	22.515356000000001
0.252000000000000	22.126563000000001
0.253000000000000	21.744945999999999
0.254000000000000	21.286767999999999
0.255000000000000	20.791504000000000
0.256000000000000	20.317772999999999
0.257000000000000	19.791405999999998
0.258000000000000	19.275805999999999
0.259000000000000	18.723120000000002
0.260000000000000	18.099854000000001
0.261000000000000	17.475390999999998
0.262000000000000	16.908349999999999
0.263000000000000	16.349682999999999
0.264000000000000	15.779052999999999
0.265000000000000	15.206030000000002
0.266000000000000	14.667700000000000
0.267000000000000	14.056395999999999
0.268000000000000	13.461841000000000
0.269000000000000	12.893604000000000
0.270000000000000	12.281103999999999
0.271000000000000	11.685352000000000
0.272000000000000	11.113524999999999
0.273000000000000	10.504614000000000
0.274000000000000	9.993798999999999
0.275000000000000	9.471021000000000
0.276000000000000	9.020020000000001
0.277000000000000	8.564233000000000
0.278000000000000	8.112036000000000
0.279000000000000	7.688550000000000
0.280000000000000	7.280615000000000
0.281000000000000	6.938477000000000
0.282000000000000	6.605908000000000
0.283000000000000	6.199170000000000
0.284000000000000	5.871387000000000
0.285000000000000	5.554370000000000
0.286000000000000	5.242139000000000
0.287000000000000	4.916748000000000
0.288000000000000	4.654761000000000
0.289000000000000	4.432251000000000
0.290000000000000	4.148730000000000
0.291000000000000	3.899902000000000
0.292000000000000	3.715674000000000
0.293000000000000	3.524268000000000
0.294000000000000	3.311328000000000
0.295000000000000	3.159399000000000
0.296000000000000	3.023022000000000
0.297000000000000	2.853149000000000
0.298000000000000	2.720361000000000
0.299000000000000	2.587573000000000
0.300000000000000	2.453589000000000
0.301000000000000	2.367456000000000
0.302000000000000	2.246631000000000
0.303000000000000	2.156909000000000
0.304000000000000	2.076758000000000
0.305000000000000	1.995410000000000
0.306000000000000	1.894922000000000
0.307000000000000	1.867407000000000
0.308000000000000	1.818359000000000
0.309000000000000	1.784863000000000
0.310000000000000	1.760938000000000
0.311000000000000	1.778882000000000
0.312000000000000	1.735815000000000
0.313000000000000	1.752563000000000
0.314000000000000	1.759741000000000
0.315000000000000	1.775293000000000
0.316000000000000	1.765723000000000
0.317000000000000	1.762134000000000
0.318000000000000	1.774097000000000
0.319000000000000	1.792041000000000
0.320000000000000	1.817163000000000
0.321000000000000	1.821948000000000
0.322000000000000	1.787256000000000
0.323000000000000	1.793237000000000
0.324000000000000	1.772900000000000
0.325000000000000	1.793237000000000
0.326000000000000	1.812378000000000
0.327000000000000	1.814771000000000
0.328000000000000	1.847070000000000
0.329000000000000	1.873389000000000
0.330000000000000	1.896118000000000
0.331000000000000	1.885352000000000
0.332000000000000	1.948755000000000
0.333000000000000	1.972681000000000
0.334000000000000	2.051636000000000
0.335000000000000	2.030103000000000
0.336000000000000	2.073169000000000
0.337000000000000	2.115039000000000
0.338000000000000	2.099487000000000
0.339000000000000	2.189209000000000
0.340000000000000	2.208350000000000
0.341000000000000	2.283716000000000
0.342000000000000	2.445215000000000
0.343000000000000	2.499048000000000
0.344000000000000	2.623462000000000
0.345000000000000	2.722754000000000
0.346000000000000	2.854346000000000
0.347000000000000	3.005078000000000
0.348000000000000	3.148633000000000
0.349000000000000	3.325684000000000
0.350000000000000	3.439331000000001
0.351000000000000	3.622363000000000
0.352000000000000	3.794629000000000
0.353000000000000	3.956128000000000
0.354000000000000	4.133179000000000
0.355000000000000	4.310229000000000
0.356000000000000	4.532739000000000
0.357000000000000	4.671509000000000
0.358000000000000	4.886841000000000
0.359000000000000	5.075854000000000
0.360000000000000	5.325879000000000
0.361000000000000	5.563940000000000
0.362000000000000	5.837891000000000
0.363000000000000	6.126196000000000
0.364000000000000	6.404932000000000
0.365000000000000	6.705200000000000
0.366000000000000	6.987524000000001
0.367000000000000	7.321289000000001
0.368000000000000	7.615576000000000
0.369000000000000	7.918237000000000
0.370000000000000	8.262769000000001
0.371000000000000	8.545093000000000
0.372000000000000	8.838184000000000
0.373000000000000	9.176733000000001
0.374000000000000	9.447094999999999
0.375000000000000	9.794019000000001
0.376000000000000	10.160083000000000
0.377000000000000	10.566820999999999
0.378000000000000	10.978344999999999
0.379000000000000	11.481982000000000
0.380000000000000	11.997583000000001
0.381000000000000	12.528734999999999
0.382000000000000	13.104150000000001
0.383000000000000	13.720238999999999
0.384000000000000	14.294458000000002
0.385000000000000	14.905761999999999
0.386000000000000	15.575684000000003
0.387000000000000	16.230053999999999
0.388000000000000	16.844946000000000
0.389000000000000	17.397632000000002
0.390000000000000	18.007739000000001
0.391000000000000	18.572388000000000
0.392000000000000	19.108325000000001
0.393000000000000	19.658618000000001
0.394000000000000	20.165845000000001
0.395000000000000	20.618041999999999
0.396000000000000	21.042725000000001
0.397000000000000	21.508081000000001
0.398000000000000	21.878931000000001
0.399000000000000	22.325146000000000
0.400000000000000	22.681640999999999
0.401000000000000	22.965160999999998
0.402000000000000	23.260645000000000
0.403000000000000	23.467603000000000
0.404000000000000	23.609960999999998
0.405000000000000	23.748729999999998
0.406000000000000	23.883911000000001
0.407000000000000	24.037036000000001
0.408000000000000	24.199731000000000
0.409000000000000	24.441382000000001
0.410000000000000	24.715332000000000
0.411000000000000	24.982104000000000
0.412000000000000	25.271605999999998
0.413000000000000	25.555126999999999
0.414000000000000	25.836255000000001
0.415000000000000	26.039624000000000
0.416000000000000	26.293237000000001
0.417000000000000	26.531299000000001
0.418000000000000	26.749023000000001
0.419000000000000	26.932055999999999
0.420000000000000	27.076806999999999
0.421000000000000	27.171313000000001
0.422000000000000	27.202417000000001
0.423000000000000	27.196435999999999
0.424000000000000	27.185669000000001
0.425000000000000	27.128247000000002
0.426000000000000	27.156957999999999
0.427000000000000	27.104320999999999
0.428000000000000	27.045703000000000
0.429000000000000	27.079198999999999
0.430000000000000	27.011011000000000
0.431000000000000	26.976317999999999
0.432000000000000	26.947607000000001
0.433000000000000	26.909326000000000
0.434000000000000	26.808838000000002
0.435000000000000	26.711938000000000
0.436000000000000	26.643750000000001
0.437000000000000	26.509765999999999
0.438000000000000	26.421240000000001
0.439000000000000	26.288451999999999
0.440000000000000	26.213086000000001
0.441000000000000	26.184374999999999
0.442000000000000	26.189160000000001
0.443000000000000	26.284863000000001
0.444000000000000	26.360229000000000
0.445000000000000	26.477466000000000
0.446000000000000	26.568383999999998
0.447000000000000	26.677246000000000
0.448000000000000	26.708349999999999
0.449000000000000	26.826782000000001
0.450000000000000	26.850708000000001
0.451000000000000	26.902148000000000
0.452000000000000	26.979907000000001
0.453000000000000	26.952393000000001
0.454000000000000	26.920093000000001
0.455000000000000	26.861474999999999
0.456000000000000	26.735863999999999
0.457000000000000	26.671264999999998
0.458000000000000	26.552831999999999
0.459000000000000	26.436792000000001
0.460000000000000	26.256152000000000
0.461000000000000	26.114989999999999
0.462000000000000	25.916405999999998
0.463000000000000	25.774048000000001
0.464000000000000	25.583838000000000
0.465000000000000	25.381665000000002
0.466000000000000	25.148389000000002
0.467000000000000	24.911522999999999
0.468000000000000	24.623218000000001
0.469000000000000	24.309790000000000
0.470000000000000	24.019092000000001
0.471000000000000	23.715233999999999
0.472000000000000	23.447265999999999
0.473000000000000	23.188866999999998
0.474000000000000	22.981909000000002
0.475000000000000	22.717528999999999
0.476000000000000	22.496216000000000
0.477000000000000	22.183983999999999
0.478000000000000	21.834668000000001
0.479000000000000	21.468603999999999
0.480000000000000	21.072631999999999
0.481000000000000	20.679053000000000
0.482000000000000	20.219677999999998
0.483000000000000	19.779443000000001
0.484000000000000	19.341602000000002
0.485000000000000	18.815234000000000
0.486000000000000	18.262549000000000
0.487000000000000	17.684740999999999
0.488000000000000	17.097363000000001
0.489000000000000	16.484863000000001
0.490000000000000	15.891503999999998
0.491000000000000	15.326855000000000
0.492000000000000	14.755029000000000
0.493000000000000	14.213110000000000
0.494000000000000	13.611377000000001
0.495000000000000	13.049121000000000
0.496000000000000	12.495239000000000
0.497000000000000	11.870775999999999
0.498000000000000	11.333643000000000
0.499000000000000	10.792920000000001
0.500000000000000	10.230664000000001
0.501000000000000	9.681566999999999
0.502000000000000	9.161182000000000
0.503000000000000	8.651562999999999
0.504000000000000	8.175439000000001
0.505000000000000	7.702905000000000
0.506000000000000	7.274633999999999
0.507000000000000	6.861914000000000
0.508000000000000	6.489868000000000
0.509000000000000	6.145337000000000
0.510000000000000	5.812769000000000
0.511000000000000	5.474219000000000
0.512000000000000	5.187109000000000
0.513000000000000	4.885645000000000
0.514000000000000	4.623657000000000
0.515000000000000	4.370044000000000
0.516000000000000	4.140356000000000
0.517000000000000	3.969287000000000
0.518000000000000	3.773096000000000
0.519000000000000	3.557764000000000
0.520000000000000	3.377124000000000
0.521000000000000	3.225195000000000
0.522000000000000	3.060107000000000
0.523000000000000	2.917749000000000
0.524000000000000	2.772998000000000
0.525000000000000	2.639014000000000
0.526000000000000	2.488281000000000
0.527000000000000	2.398560000000000
0.528000000000000	2.286108000000000
0.529000000000000	2.211938000000000
0.530000000000000	2.116235000000000
0.531000000000000	2.105469000000000
0.532000000000000	2.009766000000000
0.533000000000000	1.958325000000000
0.534000000000000	1.844678000000000
0.535000000000000	1.807593000000000
0.536000000000000	1.769312000000000
0.537000000000000	1.649683000000000
0.538000000000000	1.616187000000000
0.539000000000000	1.589868000000000
0.540000000000000	1.545605000000000
0.541000000000000	1.531250000000000
0.542000000000000	1.559961000000000
0.543000000000000	1.550391000000000
0.544000000000000	1.579102000000000
0.545000000000000	1.591064000000000
0.546000000000000	1.570728000000000
0.547000000000000	1.623364000000000
0.548000000000000	1.685571000000000
0.549000000000000	1.713086000000000
0.550000000000000	1.705908000000000
0.551000000000000	1.734619000000000
0.552000000000000	1.752563000000000
0.553000000000000	1.770508000000000
0.554000000000000	1.790845000000000
0.555000000000000	1.796826000000000
0.556000000000000	1.794434000000000
0.557000000000000	1.794434000000000
0.558000000000000	1.795630000000000
0.559000000000000	1.835107000000000
0.560000000000000	1.830322000000000
0.561000000000000	1.873389000000000
0.562000000000000	1.948755000000000
0.563000000000000	1.945166000000000
0.564000000000000	1.942773000000000
0.565000000000000	1.973877000000000
0.566000000000000	2.015747000000000
0.567000000000000	2.010962000000000
0.568000000000000	2.065991000000000
0.569000000000000	2.087524000000000
0.570000000000000	2.110254000000000
0.571000000000000	2.113843000000000
0.572000000000000	2.146143000000000
0.573000000000000	2.164087000000000
0.574000000000000	2.249023000000000
0.575000000000000	2.296875000000000
0.576000000000000	2.379419000000000
0.577000000000000	2.459570000000000
0.578000000000000	2.551685000000000
0.579000000000000	2.653369000000000
0.580000000000000	2.761035000000000
0.581000000000000	2.849561000000000
0.582000000000000	2.959619000000000
0.583000000000000	3.078052000000000
0.584000000000000	3.167773000000000
0.585000000000000	3.267065000000000
0.586000000000000	3.365161000000000
0.587000000000000	3.463257000000000
0.588000000000000	3.552979000000000
0.589000000000000	3.664232999999999
0.590000000000000	3.709692000000000
0.591000000000000	3.808984000000000
0.592000000000000	3.921436000000000
0.593000000000000	4.039868000000000
0.594000000000000	4.142749000000000
0.595000000000000	4.248022000000000
0.596000000000000	4.340137000000000
0.597000000000000	4.494458000000000
0.598000000000000	4.587769000000000
0.599000000000000	4.713379000000000
0.600000000000000	4.836597000000000
0.601000000000000	4.965796000000000
0.602000000000000	5.078247000000000
0.603000000000000	5.191895000000000
0.604000000000000	5.292383000000000
0.605000000000000	5.389282000000000
0.606000000000000	5.513696000000000
0.607000000000000	5.654858000000000
0.608000000000000	5.792432000000000
0.609000000000000	5.969482000000000
0.610000000000000	6.120215000000000
0.611000000000000	6.318799000000000
0.612000000000000	6.487476000000000
0.613000000000000	6.718359000000000
0.614000000000000	6.895410000000000
0.615000000000000	7.086816000000000
0.616000000000000	7.328467000000000
0.617000000000000	7.518677000000000
0.618000000000000	7.714868000000001
0.619000000000000	7.917040999999999
0.620000000000000	8.140746999999999
0.621000000000000	8.350097999999999
0.622000000000000	8.529541000000000
0.623000000000000	8.700609999999999
0.624000000000000	8.845361000000001
0.625000000000000	9.043945000000001
0.626000000000000	9.229369999999999
0.627000000000000	9.392065000000001
0.628000000000000	9.554760999999999
0.629000000000000	9.722241000000000
0.630000000000000	9.877758999999999
0.631000000000000	9.993798999999999
0.632000000000000	10.150513000000000
0.633000000000000	10.268945000000000
0.634000000000000	10.362256000000000
0.635000000000000	10.457959000000001
0.636000000000000	10.565625000000001
0.637000000000000	10.588354000000001
0.638000000000000	10.664917000000001
0.639000000000000	10.745068000000000
0.640000000000000	10.822827000000000
0.641000000000000	10.914941000000001
0.642000000000000	10.974755999999999
0.643000000000000	11.068066000000000
0.644000000000000	11.222388000000000
0.645000000000000	11.333643000000000
0.646000000000000	11.485571000000000
0.647000000000000	11.614770999999999
0.648000000000000	11.754735999999999
0.649000000000000	11.839672999999999
0.650000000000000	11.972460999999999
0.651000000000000	12.090894000000000
0.652000000000000	12.183007999999999
0.653000000000000	12.318187999999999
0.654000000000000	12.425853999999999
0.655000000000000	12.474902000000000
0.656000000000000	12.550269000000000
0.657000000000000	12.653149000000001
0.658000000000000	12.697412000000000
0.659000000000000	12.787134000000000
0.660000000000000	12.852930000000001
0.661000000000000	12.928296000000000
0.662000000000000	12.958202999999999
0.663000000000000	13.028784000000000
0.664000000000000	13.087402000000001
0.665000000000000	13.120898000000000
0.666000000000000	13.173534999999999
0.667000000000000	13.191478999999999
0.668000000000000	13.217798000000000
0.669000000000000	13.198657000000001
0.670000000000000	13.209424000000000
0.671000000000000	13.228564000000000
0.672000000000000	13.214209000000000
0.673000000000000	13.193872000000001
0.674000000000000	13.162769000000001
0.675000000000000	13.229761000000000
0.676000000000000	13.197461000000001
0.677000000000000	13.234546000000000
0.678000000000000	13.272826999999999
0.679000000000000	13.326660000000000
0.680000000000000	13.339819000000000
0.681000000000000	13.346997000000000
0.682000000000000	13.362549000000000
0.683000000000000	13.399634000000001
0.684000000000000	13.358960000000000
0.685000000000000	13.398438000000001
0.686000000000000	13.445093000000000
0.687000000000000	13.431934000000000
0.688000000000000	13.417578000000001
0.689000000000000	13.397240999999999
0.690000000000000	13.372119000000000
0.691000000000000	13.382885999999999
0.692000000000000	13.362549000000000
0.693000000000000	13.366137999999999
0.694000000000000	13.336230000000000
0.695000000000000	13.350586000000000
0.696000000000000	13.352978999999999
0.697000000000000	13.349390000000000
0.698000000000000	13.338623000000000
0.699000000000000	13.307520000000000
0.700000000000000	13.254883000000000
0.701000000000000	13.233350000000000
0.702000000000000	13.169945999999999
0.703000000000000	13.083812999999999
0.704000000000000	13.043139999999999
0.705000000000000	12.985718000000000
0.706000000000000	12.858911000000001
0.707000000000000	12.812256000000000
0.708000000000000	12.760814999999999
0.709000000000000	12.702197000000000
0.710000000000000	12.677075000000000
0.711000000000000	12.632813000000001
0.712000000000000	12.565820000000000
0.713000000000000	12.538306000000000
0.714000000000000	12.521558000000001
0.715000000000000	12.515575999999999
0.716000000000000	12.520360999999999
0.717000000000000	12.515575999999999
0.718000000000000	12.479687999999999
0.719000000000000	12.468921000000000
0.720000000000000	12.476099000000000
0.721000000000000	12.434229000000000
0.722000000000000	12.418677000000001
0.723000000000000	12.417479999999999
0.724000000000000	12.423462000000001
0.725000000000000	12.446191000000001
0.726000000000000	12.428247000000001
0.727000000000000	12.431836000000001
0.728000000000000	12.439014000000000
0.729000000000000	12.472510000000000
0.730000000000000	12.514379999999999
0.731000000000000	12.549072000000001
0.732000000000000	12.565820000000000
0.733000000000000	12.602905000000000
0.734000000000000	12.671094000000000
0.735000000000000	12.684253000000000
0.736000000000000	12.716552999999999
0.737000000000000	12.735692999999999
0.738000000000000	12.769189000000001
0.739000000000000	12.823022000000000
0.740000000000000	12.823022000000000
0.741000000000000	12.913940000000000
0.742000000000000	13.010840000000000
0.743000000000000	13.093384000000000
0.744000000000000	13.191478999999999
0.745000000000000	13.385278000000000
0.746000000000000	13.483374000000000
0.747000000000000	13.654443000000001
0.748000000000000	13.809960999999999
0.749000000000000	13.952318999999997
0.750000000000000	14.122191999999998
0.751000000000000	14.269336000000001
0.752000000000000	14.430835000000002
0.753000000000000	14.583959999999998
0.754000000000000	14.719141000000000
0.755000000000000	14.836377000000001
0.756000000000000	15.002661000000002
0.757000000000000	15.094775000000000
0.758000000000000	15.220386000000000
0.759000000000000	15.332837000000000
0.760000000000000	15.527832000000002
0.761000000000000	15.685741999999999
0.762000000000000	15.825708000000002
0.763000000000000	16.062573000000000
0.764000000000000	16.264745999999999
0.765000000000000	16.475293000000001
0.766000000000000	16.677465999999999
0.767000000000000	16.876049999999999
0.768000000000000	17.121289000000001
0.769000000000000	17.339013999999999
0.770000000000000	17.569897000000001
0.771000000000000	17.762499999999999
0.772000000000000	17.935962000000000
0.773000000000000	18.120190000000001
0.774000000000000	18.290063000000000
0.775000000000000	18.524536000000001
0.776000000000000	18.735082999999999
0.777000000000000	18.980322000000001
0.778000000000000	19.207616999999999
0.779000000000000	19.408594000000001
0.780000000000000	19.706469999999999
0.781000000000000	19.940942000000000
0.782000000000000	20.217285000000000
0.783000000000000	20.425439000000001
0.784000000000000	20.710156000000001
0.785000000000000	20.918310999999999
0.786000000000000	21.144409000000000
0.787000000000000	21.383666999999999
0.788000000000000	21.594214000000001
0.789000000000000	21.791602000000001
0.790000000000000	21.984203999999998
0.791000000000000	22.197144000000002
0.792000000000000	22.392139000000000
0.793000000000000	22.515356000000001
0.794000000000000	22.640967000000000
0.795000000000000	22.809643999999999
0.796000000000000	22.957982999999999
0.797000000000000	23.041723999999999
0.798000000000000	23.172118999999999
0.799000000000000	23.227148000000000
0.800000000000000	23.298926000000002
0.801000000000000	23.346776999999999
0.802000000000000	23.339600000000001
0.803000000000000	23.389844000000000
0.804000000000000	23.369506999999999
0.805000000000000	23.310889000000000
0.806000000000000	23.283373999999998
0.807000000000000	23.279785000000000
0.808000000000000	23.279785000000000
0.809000000000000	23.300122000000002
0.810000000000000	23.392236000000000
0.811000000000000	23.514258000000002
0.812000000000000	23.597998000000000
0.813000000000000	23.694897000000001
0.814000000000000	23.845630000000000
0.815000000000000	23.982006999999999
0.816000000000000	24.066942999999998
0.817000000000000	24.204516999999999
0.818000000000000	24.276294000000000
0.819000000000000	24.380371000000000
0.820000000000000	24.452148000000001
0.821000000000000	24.501196000000000
0.822000000000000	24.544263000000001
0.823000000000000	24.535889000000001
0.824000000000000	24.517944000000000
0.825000000000000	24.465308000000000
0.826000000000000	24.478466999999998
0.827000000000000	24.452148000000001
0.828000000000000	24.443774000000001
0.829000000000000	24.387549000000000
0.830000000000000	24.344481999999999
0.831000000000000	24.310986000000000
0.832000000000000	24.230834999999999
0.833000000000000	24.151879999999998
0.834000000000000	24.095654000000000
0.835000000000000	24.005932999999999
0.836000000000000	23.840845000000002
0.837000000000000	23.746338000000002
0.838000000000000	23.621924000000000
0.839000000000000	23.468799000000001
0.840000000000000	23.326440000000002
0.841000000000000	23.224755999999999
0.842000000000000	23.198437999999999
0.843000000000000	23.105127000000000
0.844000000000000	23.070435000000000
0.845000000000000	23.087183000000000
0.846000000000000	23.056079000000000
0.847000000000000	23.023779000000001
0.848000000000000	23.021387000000001
0.849000000000000	22.997461000000001
0.850000000000000	23.015405000000001
0.851000000000000	22.963965000000002
0.852000000000000	22.943628000000000
0.853000000000000	22.913720999999999
0.854000000000000	22.838353999999999
0.855000000000000	22.752222000000000
0.856000000000000	22.650537000000000
0.857000000000000	22.514160000000000
0.858000000000000	22.437598000000001
0.859000000000000	22.316772000000000
0.860000000000000	22.228247000000000
0.861000000000000	22.114599999999999
0.862000000000000	21.942333999999999
0.863000000000000	21.822704999999999
0.864000000000000	21.622924999999999
0.865000000000000	21.487743999999999
0.866000000000000	21.329834000000002
0.867000000000000	21.110913000000000
0.868000000000000	20.894385000000000
0.869000000000000	20.753222999999998
0.870000000000000	20.574975999999999
0.871000000000000	20.415869000000001
0.872000000000000	20.229247999999998
0.873000000000000	20.045020000000001
0.874000000000000	19.848828000000001
0.875000000000000	19.634692000000001
0.876000000000000	19.442090000000000
0.877000000000000	19.189672999999999
0.878000000000000	18.964770999999999
0.879000000000000	18.703979000000000
0.880000000000000	18.424047999999999
0.881000000000000	18.153687000000001
0.882000000000000	17.854614000000002
0.883000000000000	17.512475999999999
0.884000000000000	17.151195999999999
0.885000000000000	16.815038999999999
0.886000000000000	16.484863000000001
0.887000000000000	16.137938999999999
0.888000000000000	15.731201000000002
0.889000000000000	15.395044000000002
0.890000000000000	14.983520999999998
0.891000000000000	14.664111000000000
0.892000000000000	14.299242999999999
0.893000000000000	13.937963999999999
0.894000000000000	13.555151000000000
0.895000000000000	13.187891000000000
0.896000000000000	12.817041000000000
0.897000000000000	12.458154000000000
0.898000000000000	12.041846000000000
0.899000000000000	11.641088999999999
0.900000000000000	11.237939000000001
0.901000000000000	10.898192999999999
0.902000000000000	10.516577000000000
0.903000000000000	10.117017000000001
0.904000000000000	9.736597000000000
0.905000000000000	9.436328000000000
0.906000000000000	9.060693000000001
0.907000000000000	8.734106000000001
0.908000000000000	8.432642000000000
0.909000000000000	8.115625000000000
0.910000000000000	7.784253000000000
0.911000000000000	7.556958000000000
0.912000000000000	7.303345000000000
0.913000000000000	7.055713000000000
0.914000000000000	6.828418000000000
0.915000000000000	6.601123000000000
0.916000000000000	6.400146000000000
0.917000000000000	6.187207000000000
0.918000000000000	5.965894000000000
0.919000000000000	5.797217000000000
0.920000000000000	5.611792000000000
0.921000000000000	5.403638000000000
0.922000000000000	5.219409000000000
0.923000000000000	5.018433000000000
0.924000000000000	4.850952000000000
0.925000000000000	4.687061000000000
0.926000000000000	4.529150000000000
0.927000000000000	4.359277000000000
0.928000000000000	4.231274000000000
0.929000000000000	4.098486000000000
0.930000000000000	3.982446000000000
0.931000000000000	3.867603000000000
0.932000000000000	3.728833000000000
0.933000000000000	3.570923000000000
0.934000000000000	3.501538000000000
0.935000000000000	3.373535000000000
0.936000000000000	3.311328000000000
0.937000000000000	3.185718000000000
0.938000000000000	3.090015000000000
0.939000000000000	2.964404000000000
0.940000000000000	2.875879000000000
0.941000000000000	2.823242000000000
0.942000000000000	2.763428000000000
0.943000000000000	2.744287000000000
0.944000000000000	2.722754000000000
0.945000000000000	2.698828000000000
0.946000000000000	2.690454000000000
0.947000000000000	2.658154000000000
0.948000000000000	2.639014000000000
0.949000000000000	2.630640000000000
0.950000000000000	2.611499000000000
0.951000000000000	2.624658000000000
0.952000000000000	2.604321000000000
0.953000000000000	2.613892000000000
0.954000000000000	2.552881000000000
0.955000000000000	2.534937000000000
0.956000000000000	2.531348000000000
0.957000000000000	2.489478000000000
0.958000000000000	2.469141000000000
0.959000000000000	2.475122000000000
0.960000000000000	2.428467000000000
0.961000000000000	2.381812000000000
0.962000000000000	2.400952000000000
0.963000000000000	2.423682000000000
0.964000000000000	2.386597000000000
0.965000000000000	2.385400000000000
0.966000000000000	2.371045000000000
0.967000000000000	2.347119000000000
0.968000000000000	2.339941000000000
0.969000000000000	2.320801000000000
0.970000000000000	2.278931000000000
0.971000000000000	2.301660000000000
0.972000000000000	2.264575000000000
0.973000000000000	2.234668000000000
0.974000000000000	2.222705000000000
0.975000000000000	2.287305000000000
0.976000000000000	2.294482000000000
0.977000000000000	2.343530000000000
0.978000000000000	2.377026000000000
0.979000000000000	2.442822000000000
0.980000000000000	2.496655000000000
0.981000000000000	2.533740000000000
0.982000000000000	2.597144000000000
0.983000000000000	2.672510000000000
0.984000000000000	2.701221000000000
0.985000000000000	2.753857000000000
0.986000000000000	2.799316000000000
0.987000000000000	2.825635000000000
0.988000000000000	2.875879000000000
0.989000000000000	2.915356000000000
0.990000000000000	2.941675000000000
0.991000000000000	2.972778000000000
0.992000000000000	3.000293000000000
0.993000000000000	3.032593000000000
0.994000000000000	3.060107000000000
0.995000000000000	3.129492000000000
0.996000000000000	3.158203000000000
0.997000000000000	3.249121000000000
0.998000000000000	3.302954000000000
0.999000000000000	3.360376000000000
1.000000000000000	3.387891000000000
1.001000000000000	3.445313000000000
1.002000000000000	3.468042000000000
1.003000000000000	3.497949000000000
1.004000000000000	3.518286000000000
1.005000000000000	3.622363000000000
1.006000000000000	3.611597000000000
1.007000000000000	3.672607000000000
1.008000000000000	3.738403000000000
1.009000000000000	3.850854000000000
1.010000000000000	3.917847000000000
1.011000000000000	4.019531000000000
1.012000000000000	4.128394000000000
1.013000000000000	4.238452000000000
1.014000000000000	4.378418000000000
1.015000000000000	4.505225000000000
1.016000000000000	4.573413000000000
1.017000000000000	4.707397000000000
1.018000000000000	4.825830000000000
1.019000000000000	4.934692000000000
1.020000000000000	5.037573000000000
1.021000000000000	5.190698000000000
1.022000000000000	5.270850000000000
1.023000000000000	5.339038000000000
1.024000000000000	5.473022000000000
1.025000000000000	5.562744000000000
1.026000000000000	5.676392000000000
1.027000000000000	5.805591000000000
1.028000000000000	5.876172000000000
1.029000000000000	6.036475000000000
1.030000000000000	6.097485000000000
1.031000000000000	6.203955000000000
1.032000000000000	6.293677000000000
1.033000000000000	6.407324000000000
1.034000000000000	6.504224000000000
1.035000000000000	6.590356000000000
1.036000000000000	6.727930000000000
1.037000000000000	6.812866000000000
1.038000000000000	6.898999000000000
1.039000000000000	6.988720999999999
1.040000000000000	7.061694000000000
1.041000000000000	7.192090000000000
1.042000000000000	7.326074000000000
1.043000000000000	7.434937000000001
1.044000000000000	7.571313000000001
1.045000000000000	7.713672000000000
1.046000000000000	7.844066999999999
1.047000000000000	8.003174000000000
1.048000000000000	8.123999000000000
1.049000000000000	8.223291000000000
1.050000000000000	8.380005000000001
1.051000000000000	8.461353000000001
1.052000000000000	8.594141000000001
1.053000000000000	8.731714000000000
1.054000000000000	8.863306000000000
1.055000000000000	8.951831000000000
1.056000000000000	9.048730000000001
1.057000000000000	9.122900000000000
1.058000000000000	9.224584999999999
1.059000000000000	9.286792000000000
1.060000000000000	9.402832000000000
1.061000000000000	9.484180000000000
1.062000000000000	9.542797999999999
1.063000000000000	9.589453000000001
1.064000000000000	9.682764000000001
1.065000000000000	9.723438000000000
1.066000000000000	9.777271000000001
1.067000000000000	9.846655000000000
1.068000000000000	9.896898999999999
1.069000000000000	9.886132999999999
1.070000000000000	9.906470000000001
1.071000000000000	9.937573000000000
1.072000000000000	9.956714000000000
1.073000000000000	9.918433000000000
1.074000000000000	9.945947000000000
1.075000000000000	9.984228999999999
1.076000000000000	10.040454000000000
1.077000000000000	10.056006000000000
1.078000000000000	10.059595000000000
1.079000000000000	10.136157000000001
1.080000000000000	10.195971999999999
1.081000000000000	10.225879000000001
1.082000000000000	10.262964000000000
1.083000000000000	10.352686000000000
1.084000000000000	10.402930000000000
1.085000000000000	10.395752000000000
1.086000000000000	10.472314000000001
1.087000000000000	10.493848000000000
1.088000000000000	10.508203000000000
1.089000000000000	10.510596000000000
1.090000000000000	10.490259000000000
1.091000000000000	10.512988000000000
1.092000000000000	10.558446999999999
1.093000000000000	10.532128999999999
1.094000000000000	10.536913999999999
1.095000000000000	10.539307000000001
1.096000000000000	10.511792000000000
1.097000000000000	10.522558999999999
1.098000000000000	10.514184999999999
1.099000000000000	10.447191999999999
1.100000000000000	10.459155000000001
1.101000000000000	10.361060000000000
1.102000000000000	10.282104000000000
1.103000000000000	10.229468000000001
1.104000000000000	10.119408999999999
1.105000000000000	10.015332000000001
1.106000000000000	9.944751000000000
1.107000000000000	9.853833000000000
1.108000000000000	9.764111000000000
1.109000000000000	9.657641999999999
1.110000000000000	9.587061000000000
1.111000000000000	9.502124000000000
1.112000000000000	9.435131999999999
1.113000000000000	9.357373000000001
1.114000000000000	9.305933000000000
1.115000000000000	9.210229000000000
1.116000000000000	9.144434000000000
1.117000000000000	9.022411999999999
1.118000000000000	8.959009000000000
1.119000000000000	8.845361000000001
1.120000000000000	8.740088000000000
1.121000000000000	8.609692000000001
1.122000000000000	8.535522000000000
1.123000000000000	8.385986000000001
1.124000000000000	8.262769000000001
1.125000000000000	8.150316999999999
1.126000000000000	8.040259000000001
1.127000000000000	7.890723000000000
1.128000000000000	7.744775000000000
1.129000000000000	7.607201999999999
1.130000000000000	7.536621000000001
1.131000000000000	7.390674000000000
1.132000000000000	7.283008000000000
1.133000000000000	7.104761000000000
1.134000000000000	6.992310000000001
1.135000000000000	6.875073000000001
1.136000000000000	6.715967000000000
1.137000000000000	6.578394000000000
1.138000000000000	6.493457000000000
1.139000000000000	6.324780000000000
1.140000000000000	6.211133000000000
1.141000000000000	6.074756000000000
1.142000000000000	5.986230000000000
1.143000000000000	5.918042000000000
1.144000000000000	5.809180000000000
1.145000000000000	5.774487000000000
1.146000000000000	5.718262000000000
1.147000000000000	5.599829000000000
1.148000000000000	5.566333000000000
1.149000000000000	5.487378000000000
1.150000000000000	5.416797000000000
1.151000000000000	5.336646000000000
1.152000000000000	5.291187000000000
1.153000000000000	5.222998000000000
1.154000000000000	5.159595000000000
1.155000000000000	5.035181000000000
1.156000000000000	4.975366000000000
1.157000000000000	4.910767000000000
1.158000000000000	4.846167000000000
1.159000000000000	4.788745000000000
1.160000000000000	4.696631000000000
1.161000000000000	4.635620000000000
1.162000000000000	4.599731000000000
1.163000000000000	4.543506000000000
1.164000000000000	4.489673000000000
1.165000000000000	4.450195000000000
1.166000000000000	4.361670000000000
1.167000000000000	4.328174000000000
1.168000000000000	4.236060000000000
1.169000000000000	4.251611000000000
1.170000000000000	4.179834000000000
1.171000000000000	4.129590000000000
1.172000000000000	4.054224000000000
1.173000000000000	4.047046000000000
1.174000000000000	3.960913000000000
1.175000000000000	3.952539000000000
1.176000000000000	3.989624000000001
1.177000000000000	4.021924000000000
1.178000000000000	4.020728000000000
1.179000000000000	4.033887000000000
1.180000000000000	4.030298000000000
1.181000000000000	4.073364000000000
1.182000000000000	4.117627000000000
1.183000000000000	4.155908000000000
1.184000000000000	4.184619000000000
1.185000000000000	4.200171000000000
1.186000000000000	4.233667000000000
1.187000000000000	4.264771000000000
1.188000000000000	4.306641000000000
1.189000000000000	4.349707000000000
1.190000000000000	4.370044000000000
1.191000000000000	4.401147000000000
1.192000000000000	4.450195000000000
1.193000000000000	4.457373000000000
1.194000000000000	4.571021000000000
1.195000000000000	4.571021000000000
1.196000000000000	4.678687000000000
1.197000000000000	4.744482000000000
1.198000000000000	4.803101000000000
1.199000000000000	4.824634000000000
1.200000000000000	4.914355000000000
1.201000000000000	5.004077000000000
1.202000000000000	5.074658000000000
1.203000000000000	5.134473000000000
1.204000000000000	5.263672000000000
1.205000000000000	5.252905000000000
1.206000000000000	5.343823000000000
1.207000000000000	5.449097000000000
1.208000000000000	5.547192000000000
1.209000000000000	5.695532000000000
1.210000000000000	5.839087000000000
1.211000000000000	5.965894000000000
1.212000000000000	6.103467000000000
1.213000000000000	6.251807000000000
1.214000000000000	6.413306000000000
1.215000000000000	6.565234000000000
1.216000000000000	6.779370000000000
1.217000000000000	6.921729000000000
1.218000000000000	7.053319999999999
1.219000000000000	7.199268000000000
1.220000000000000	7.351196000000000
1.221000000000000	7.510303000000000
1.222000000000000	7.632323999999999
1.223000000000000	7.820142000000000
1.224000000000000	7.919434000000000
1.225000000000000	8.062988000000001
1.226000000000000	8.170654000000001
1.227000000000000	8.315405000000000
1.228000000000000	8.534326000000000
1.229000000000000	8.650366000000000
1.230000000000000	8.825024000000001
1.231000000000000	9.043945000000001
1.232000000000000	9.250902999999999
1.233000000000000	9.427954000000000
1.234000000000000	9.622949000000000
1.235000000000000	9.838281000000000
1.236000000000000	10.008153999999999
1.237000000000000	10.204345999999999
1.238000000000000	10.383789000000000
1.239000000000000	10.539307000000001
1.240000000000000	10.746264999999999
1.241000000000000	10.922119000000000
1.242000000000000	11.132666000000000
1.243000000000000	11.420972000000001
1.244000000000000	11.687744000000000
1.245000000000000	11.985620000000001
1.246000000000000	12.254785000000000
1.247000000000000	12.595727999999999
1.248000000000000	12.904370000000000
1.249000000000000	13.260864000000000
1.250000000000000	13.603002999999999
1.251000000000000	13.940356000000001
1.252000000000000	14.272925000000001
1.253000000000000	14.562427000000000
1.254000000000000	14.878246999999998
1.255000000000000	15.174927000000000
1.256000000000000	15.439306999999999
1.257000000000000	15.680956999999999
1.258000000000000	15.909447999999999
1.259000000000000	16.147510000000000
1.260000000000000	16.299437999999999
1.261000000000000	16.526733000000000
1.262000000000000	16.733691000000000
1.263000000000000	16.903563999999999
1.264000000000000	17.037548999999999
1.265000000000000	17.181104000000001
1.266000000000000	17.278002999999998
1.267000000000000	17.312695000000001
1.268000000000000	17.419165000000000
1.269000000000000	17.429932000000001
1.270000000000000	17.447876000000001
1.271000000000000	17.482568000000001
1.272000000000000	17.443090999999999
1.273000000000000	17.471802000000000
1.274000000000000	17.468212999999999
1.275000000000000	17.565111999999999
1.276000000000000	17.749341000000001
1.277000000000000	17.912036000000001
1.278000000000000	18.123778999999999
1.279000000000000	18.330736999999999
1.280000000000000	18.536498999999999
1.281000000000000	18.763794000000001
1.282000000000000	19.006640999999998
1.283000000000000	19.210010000000000
1.284000000000000	19.376294000000001
1.285000000000000	19.579663000000000
1.286000000000000	19.754321000000001
1.287000000000000	19.876342999999999
1.288000000000000	19.980419999999999
1.289000000000000	20.070142000000001
1.290000000000000	20.107227000000002
1.291000000000000	20.132349000000001
1.292000000000000	20.127562999999999
1.293000000000000	20.153881999999999
1.294000000000000	20.175415000000001
1.295000000000000	20.143115000000002
1.296000000000000	20.114404000000000
1.297000000000000	20.121582000000000
1.298000000000000	20.106030000000001
1.299000000000000	20.005541999999998
1.300000000000000	19.960083000000001
1.301000000000000	19.863184000000000
1.302000000000000	19.755517999999999
1.303000000000000	19.628710999999999
1.304000000000000	19.497119000000001
1.305000000000000	19.338013000000000
1.306000000000000	19.204028000000001
1.307000000000000	19.079613999999999
1.308000000000000	19.004248000000000
1.309000000000000	18.982714999999999
1.310000000000000	18.979126000000001
1.311000000000000	18.980322000000001
1.312000000000000	18.981518999999999
1.313000000000000	19.031763000000002
1.314000000000000	19.031763000000002
1.315000000000000	19.068847999999999
1.316000000000000	19.085595999999999
1.317000000000000	19.141821000000000
1.318000000000000	19.099951000000001
1.319000000000000	19.103539999999999
1.320000000000000	19.080811000000001
1.321000000000000	19.049707000000001
1.322000000000000	18.970752000000001
1.323000000000000	18.841553000000001
1.324000000000000	18.786522999999999
1.325000000000000	18.659717000000001
1.326000000000000	18.584351000000002
1.327000000000000	18.468311000000000
1.328000000000000	18.359448000000000
1.329000000000000	18.223071000000001
1.330000000000000	18.103442000000001
1.331000000000000	17.983813000000001
1.332000000000000	17.829491999999998
1.333000000000000	17.703882000000000
1.334000000000000	17.480176000000000
1.335000000000000	17.305517999999999
1.336000000000000	17.115307999999999
1.337000000000000	16.931079000000000
1.338000000000000	16.764794999999999
1.339000000000000	16.593726000000000
1.340000000000000	16.420264000000000
1.341000000000000	16.276709000000000
1.342000000000000	16.104443000000000
1.343000000000000	15.920215000000002
1.344000000000000	15.730005000000000
1.345000000000000	15.514673000000000
1.346000000000000	15.338818000000002
1.347000000000000	15.140234000000000
1.348000000000000	14.909350999999999
1.349000000000000	14.659326000000000
1.350000000000000	14.416478999999999
1.351000000000000	14.125780999999998
1.352000000000000	13.882935000000002
1.353000000000000	13.581469999999999
1.354000000000000	13.319482000000001
1.355000000000000	13.007251000000000
1.356000000000000	12.714160000000000
1.357000000000000	12.418677000000001
1.358000000000000	12.172241000000000
1.359000000000000	11.870775999999999
1.360000000000000	11.630322000000000
1.361000000000000	11.343213000000000
1.362000000000000	11.095580999999999
1.363000000000000	10.806079000000000
1.364000000000000	10.553661999999999
1.365000000000000	10.286890000000000
1.366000000000000	10.020117000000001
1.367000000000000	9.767700000000000
1.368000000000000	9.504517000000000
1.369000000000000	9.218603999999999
1.370000000000000	8.975757000000000
1.371000000000000	8.752051000000000
1.372000000000000	8.523560000000000
1.373000000000000	8.263965000000001
1.374000000000000	8.061792000000001
1.375000000000000	7.885938000000001
1.376000000000000	7.692138999999999
1.377000000000000	7.530640000000000
1.378000000000000	7.369141000000000
1.379000000000000	7.254297000000000
1.380000000000000	7.113135000000000
1.381000000000000	7.010254000000000
1.382000000000000	6.869092000000001
1.383000000000000	6.775781000000000
1.384000000000000	6.666919000000000
1.385000000000000	6.580786000000000
1.386000000000000	6.477905000000000
1.387000000000000	6.430054000000000
1.388000000000000	6.317603000000000
1.389000000000000	6.256592000000000
1.390000000000000	6.166870000000000
1.391000000000000	6.128589000000000
1.392000000000000	6.073560000000000
1.393000000000000	6.006567000000000
1.394000000000000	5.930005000000000
1.395000000000000	5.888135000000000
1.396000000000000	5.878564000000000
1.397000000000000	5.847461000000000
1.398000000000000	5.829517000000000
1.399000000000000	5.790039000000000
1.400000000000000	5.785254000000000
1.401000000000000	5.736206000000000
1.402000000000000	5.788843000000000
1.403000000000000	5.782861000000000
1.404000000000000	5.786450000000000
1.405000000000000	5.785254000000000
1.406000000000000	5.816357000000000
1.407000000000000	5.827124000000000
1.408000000000000	5.926416000000000
1.409000000000000	5.965894000000000
1.410000000000000	6.078345000000000
1.411000000000000	6.209937000000000
1.412000000000000	6.322388000000000
1.413000000000000	6.449194000000000
1.414000000000000	6.562842000000000
1.415000000000000	6.756641000000000
1.416000000000000	6.890624999999999
1.417000000000000	7.050928000000001
1.418000000000000	7.188501000000000
1.419000000000000	7.388281000000000
1.420000000000000	7.523462000000001
1.421000000000000	7.675391000000000
1.422000000000000	7.882349000000000
1.423000000000000	8.055811000000000
1.424000000000000	8.262769000000001
1.425000000000000	8.449389999999999
1.426000000000000	8.676685000000001
1.427000000000000	8.871680000000000
1.428000000000000	9.098974999999999
1.429000000000000	9.308325000000000
1.430000000000000	9.502124000000000
1.431000000000000	9.703101000000000
1.432000000000000	9.945947000000000
1.433000000000000	10.188794000000000
1.434000000000000	10.388574000000000
1.435000000000000	10.591943000000001
1.436000000000000	10.819238000000000
1.437000000000000	11.047729000000000
1.438000000000000	11.296557999999999
1.439000000000000	11.521459999999999
1.440000000000000	11.784644000000000
1.441000000000000	12.127979000000000
1.442000000000000	12.471313000000000
1.443000000000000	12.838573999999999
1.444000000000000	13.211816000000001
1.445000000000000	13.650854000000001
1.446000000000000	14.095874000000000
1.447000000000000	14.550464000000000
1.448000000000000	14.975146000000002
1.449000000000000	15.447680999999999
1.450000000000000	15.935767000000002
1.451000000000000	16.364038000000001
1.452000000000000	16.823412999999999
1.453000000000000	17.303125000000001
1.454000000000000	17.709862999999999
1.455000000000000	18.199145999999999
1.456000000000000	18.620239000000002
1.457000000000000	19.050903000000002
1.458000000000000	19.471997000000002
1.459000000000000	19.866772000000001
1.460000000000000	20.272314000000001
1.461000000000000	20.675464000000002
1.462000000000000	21.051099000000001
1.463000000000000	21.399218999999999
1.464000000000000	21.744945999999999
1.465000000000000	22.073926000000000
1.466000000000000	22.364623999999999
1.467000000000000	22.618237000000001
1.468000000000000	22.826391999999998
1.469000000000000	23.077611999999998
1.470000000000000	23.194849000000001
1.471000000000000	23.345580999999999
1.472000000000000	23.424536000000000
1.473000000000000	23.490331999999999
1.474000000000000	23.576464999999999
1.475000000000000	23.696093999999999
1.476000000000000	23.910229000000001
1.477000000000000	24.069336000000000
1.478000000000000	24.277490000000000
1.479000000000000	24.449756000000001
1.480000000000000	24.681836000000001
1.481000000000000	24.876830999999999
1.482000000000000	25.062256000000001
1.483000000000000	25.296728999999999
1.484000000000000	25.463013000000000
1.485000000000000	25.650829999999999
1.486000000000000	25.800366000000000
1.487000000000000	25.921191000000000
1.488000000000000	26.040820000000000
1.489000000000000	26.110205000000001
1.490000000000000	26.083887000000001
1.491000000000000	26.114989999999999
1.492000000000000	26.092261000000001
1.493000000000000	26.069531000000001
1.494000000000000	26.044409000000002
1.495000000000000	26.028856999999999
1.496000000000000	26.045604999999998
1.497000000000000	26.010912999999999
1.498000000000000	25.951098999999999
1.499000000000000	25.897265999999998
1.500000000000000	25.841040000000000
1.501000000000000	25.771654999999999
1.502000000000000	25.701073999999998
1.503000000000000	25.577856000000001
1.504000000000000	25.464209000000000
1.505000000000000	25.329028000000001
1.506000000000000	25.201025000000001
1.507000000000000	25.137622000000000
1.508000000000000	25.153174000000000
1.509000000000000	25.184277000000002
1.510000000000000	25.239307000000000
1.511000000000000	25.346972999999998
1.512000000000000	25.486937999999999
1.513000000000000	25.617334000000000
1.514000000000000	25.795580999999999
1.515000000000000	25.963062000000001
1.516000000000000	26.104223999999999
1.517000000000000	26.228638000000000
1.518000000000000	26.351855000000000
1.519000000000000	26.515747000000001
1.520000000000000	26.565991000000000
1.521000000000000	26.673656999999999
1.522000000000000	26.704761000000001
1.523000000000000	26.702368000000000
1.524000000000000	26.688013000000002
1.525000000000000	26.677246000000000
1.526000000000000	26.631786999999999
1.527000000000000	26.623412999999999
1.528000000000000	26.574365000000000
1.529000000000000	26.509765999999999
1.530000000000000	26.441576999999999
1.531000000000000	26.410474000000001
1.532000000000000	26.309985000000001
1.533000000000000	26.234618999999999
1.534000000000000	26.126953000000000
1.535000000000000	25.994164999999999
1.536000000000000	25.818311000000001
1.537000000000000	25.632885999999999
1.538000000000000	25.451049999999999
1.539000000000000	25.281177000000000
1.540000000000000	25.093359000000000
1.541000000000000	24.880420000000001
1.542000000000000	24.703368999999999
1.543000000000000	24.519141000000001
1.544000000000000	24.303809000000001
1.545000000000000	24.052588000000000
1.546000000000000	23.888695999999999
1.547000000000000	23.661401000000001
1.548000000000000	23.419751000000002
1.549000000000000	23.167334000000000
1.550000000000000	22.894580000000001
1.551000000000000	22.634985000000000
1.552000000000000	22.351465000000001
1.553000000000000	22.034448000000001
1.554000000000000	21.779639000000000
1.555000000000000	21.523633000000000
1.556000000000000	21.308301000000000
1.557000000000000	21.019995000000002
1.558000000000000	20.786719000000002
1.559000000000000	20.503198000000001
1.560000000000000	20.180199999999999
1.561000000000000	19.817724999999999
1.562000000000000	19.482764000000000
1.563000000000000	19.090381000000001
1.564000000000000	18.678857000000001
1.565000000000000	18.241015999999998
1.566000000000000	17.870166000000001
1.567000000000000	17.422754000000001
1.568000000000000	16.938257000000000
1.569000000000000	16.420264000000000
1.570000000000000	15.987207000000000
1.571000000000000	15.457250999999998
1.572000000000000	14.978735000000000
1.573000000000000	14.533715999999998
1.574000000000000	14.061182000000001
1.575000000000000	13.617357999999999
1.576000000000000	13.197461000000001
1.577000000000000	12.726122999999999
1.578000000000000	12.309813999999999
1.579000000000000	11.844457999999999
1.580000000000000	11.395849999999999
1.581000000000000	10.984325999999999
1.582000000000000	10.521362000000000
1.583000000000000	10.036865000000001
1.584000000000000	9.594238000000001
1.585000000000000	9.226978000000001
1.586000000000000	8.774780000000000
1.587000000000000	8.381201000000001
1.588000000000000	7.969678000000001
1.589000000000000	7.609595000000000
1.590000000000000	7.218408000000000
1.591000000000000	6.842773000000000
1.592000000000000	6.481494000000000
1.593000000000000	6.148926000000000
1.594000000000000	5.811572000000000
1.595000000000000	5.475415000000000
1.596000000000000	5.147632000000000
1.597000000000000	4.882056000000000
1.598000000000000	4.618872000000000
1.599000000000000	4.337744000000000
1.600000000000000	4.093701000000000
1.601000000000000	3.832910000000001
1.602000000000000	3.596045000000000
1.603000000000000	3.384302000000000
1.604000000000000	3.173755000000000
1.605000000000000	2.985938000000000
1.606000000000000	2.752661000000000
1.607000000000000	2.576807000000000
1.608000000000000	2.426074000000000
1.609000000000000	2.275342000000000
1.610000000000000	2.106665000000000
1.611000000000000	1.961914000000000
1.612000000000000	1.874585000000000
1.613000000000000	1.751367000000000
1.614000000000000	1.628149000000000
1.615000000000000	1.557568000000000
1.616000000000000	1.457080000000000
1.617000000000000	1.339844000000000
1.618000000000000	1.264478000000000
1.619000000000000	1.184326000000000
1.620000000000000	1.126904000000000
1.621000000000000	1.063501000000000
1.622000000000000	0.995313000000000
1.623000000000000	0.928320000000000
1.624000000000000	0.852954000000000
1.625000000000000	0.821851000000000
1.626000000000000	0.769214000000000
1.627000000000000	0.697437000000000
1.628000000000000	0.679492000000000
1.629000000000000	0.631641000000000
1.630000000000000	0.616089000000000
1.631000000000000	0.602930000000000
1.632000000000000	0.589771000000000
1.633000000000000	0.523975000000000
1.634000000000000	0.500049000000000
1.635000000000000	0.456982000000000
1.636000000000000	0.464160000000000
1.637000000000000	0.445020000000000
1.638000000000000	0.415112000000000
1.639000000000000	0.386401000000000
1.640000000000000	0.361279000000000
1.641000000000000	0.336157000000000
1.642000000000000	0.296680000000000
1.643000000000000	0.318213000000000
1.644000000000000	0.339746000000000
1.645000000000000	0.348120000000000
1.646000000000000	0.320605000000000
1.647000000000000	0.282324000000000
1.648000000000000	0.302661000000000
1.649000000000000	0.324194000000000
1.650000000000000	0.295483000000000
1.651000000000000	0.278735000000000
1.652000000000000	0.257202000000000
1.653000000000000	0.266772000000000
1.654000000000000	0.278735000000000
1.655000000000000	0.230884000000000
1.656000000000000	0.230884000000000
1.657000000000000	0.238062000000000
1.658000000000000	0.196191000000000
1.659000000000000	0.216528000000000
1.660000000000000	0.230884000000000
1.661000000000000	0.210547000000000
1.662000000000000	0.200977000000000
1.663000000000000	0.216528000000000
1.664000000000000	0.211743000000000
1.665000000000000	0.204565000000000
1.666000000000000	0.222510000000000
1.667000000000000	0.200977000000000
1.668000000000000	0.217725000000000
1.669000000000000	0.229688000000000
1.670000000000000	0.204565000000000
1.671000000000000	0.202173000000000
1.672000000000000	0.180640000000000
1.673000000000000	0.193799000000000
1.674000000000000	0.157910000000000
1.675000000000000	0.186621000000000
1.676000000000000	0.179443000000000
1.677000000000000	0.190210000000000
1.678000000000000	0.167480000000000
1.679000000000000	0.212939000000000
1.680000000000000	0.171069000000000
1.681000000000000	0.209351000000000
1.682000000000000	0.210547000000000
1.683000000000000	0.232080000000000
1.684000000000000	0.189014000000000
1.685000000000000	0.191406000000000
1.686000000000000	0.177051000000000
1.687000000000000	0.185425000000000
1.688000000000000	0.171069000000000
1.689000000000000	0.133984000000000
1.690000000000000	0.155518000000000
1.691000000000000	0.186621000000000
1.692000000000000	0.136377000000000
1.693000000000000	0.145947000000000
1.694000000000000	0.149536000000000
1.695000000000000	0.159106000000000
1.696000000000000	0.174658000000000
1.697000000000000	0.163892000000000
1.698000000000000	0.160303000000000
1.699000000000000	0.151929000000000
1.700000000000000	0.171069000000000
1.701000000000000	0.165088000000000
1.702000000000000	0.206958000000000
1.703000000000000	0.149536000000000
1.704000000000000	0.116040000000000
1.705000000000000	0.165088000000000
1.706000000000000	0.129199000000000
1.707000000000000	0.135181000000000
1.708000000000000	0.159106000000000
1.709000000000000	0.149536000000000
1.710000000000000	0.133984000000000
1.711000000000000	0.143555000000000
1.712000000000000	0.155518000000000
1.713000000000000	0.163892000000000
1.714000000000000	0.186621000000000
1.715000000000000	0.185425000000000
1.716000000000000	0.167480000000000
1.717000000000000	0.184229000000000
1.718000000000000	0.223706000000000
1.719000000000000	0.187817000000000
1.720000000000000	0.206958000000000
1.721000000000000	0.205762000000000
1.722000000000000	0.193799000000000
1.723000000000000	0.174658000000000
1.724000000000000	0.177051000000000
1.725000000000000	0.191406000000000
1.726000000000000	0.217725000000000
1.727000000000000	0.185425000000000
1.728000000000000	0.173462000000000
1.729000000000000	0.214136000000000
1.730000000000000	0.250024000000000
1.731000000000000	0.211743000000000
1.732000000000000	0.191406000000000
1.733000000000000	0.248828000000000
1.734000000000000	0.258398000000000
1.735000000000000	0.229688000000000
1.736000000000000	0.239258000000000
1.737000000000000	0.253613000000000
1.738000000000000	0.233276000000000
1.739000000000000	0.214136000000000
1.740000000000000	0.210547000000000
1.741000000000000	0.214136000000000
1.742000000000000	0.217725000000000
1.743000000000000	0.223706000000000
1.744000000000000	0.234473000000000
1.745000000000000	0.232080000000000
1.746000000000000	0.224902000000000
1.747000000000000	0.250024000000000
1.748000000000000	0.259595000000000
1.749000000000000	0.279932000000000
1.750000000000000	0.261987000000000
1.751000000000000	0.242847000000000
1.752000000000000	0.254810000000000
1.753000000000000	0.267969000000000
1.754000000000000	0.245239000000000
1.755000000000000	0.234473000000000
1.756000000000000	0.242847000000000
1.757000000000000	0.205762000000000
1.758000000000000	0.233276000000000
1.759000000000000	0.234473000000000
1.760000000000000	0.220117000000000
1.761000000000000	0.254810000000000
1.762000000000000	0.232080000000000
1.763000000000000	0.266772000000000
1.764000000000000	0.245239000000000
1.765000000000000	0.236865000000000
1.766000000000000	0.264380000000000
1.767000000000000	0.232080000000000
1.768000000000000	0.273950000000000
1.769000000000000	0.276343000000000
1.770000000000000	0.248828000000000
1.771000000000000	0.235669000000000
1.772000000000000	0.229688000000000
1.773000000000000	0.209351000000000
1.774000000000000	0.246436000000000
1.775000000000000	0.198584000000000
1.776000000000000	0.220117000000000
1.777000000000000	0.199780000000000
1.778000000000000	0.234473000000000
1.779000000000000	0.235669000000000
1.780000000000000	0.232080000000000
1.781000000000000	0.261987000000000
1.782000000000000	0.250024000000000
1.783000000000000	0.242847000000000
1.784000000000000	0.264380000000000
1.785000000000000	0.246436000000000
1.786000000000000	0.256006000000000
1.787000000000000	0.232080000000000
1.788000000000000	0.222510000000000
1.789000000000000	0.198584000000000
1.790000000000000	0.211743000000000
1.791000000000000	0.223706000000000
1.792000000000000	0.197388000000000
1.793000000000000	0.224902000000000
1.794000000000000	0.228491000000000
1.795000000000000	0.218921000000000
1.796000000000000	0.208154000000000
1.797000000000000	0.229688000000000
1.798000000000000	0.254810000000000
1.799000000000000	0.256006000000000
1.800000000000000	0.246436000000000
1.801000000000000	0.246436000000000
1.802000000000000	0.241650000000000
1.803000000000000	0.221313000000000
1.804000000000000	0.228491000000000
1.805000000000000	0.202173000000000
1.806000000000000	0.222510000000000
1.807000000000000	0.222510000000000
1.808000000000000	0.206958000000000
1.809000000000000	0.191406000000000
1.810000000000000	0.204565000000000
1.811000000000000	0.253613000000000
1.812000000000000	0.222510000000000
1.813000000000000	0.215332000000000
1.814000000000000	0.233276000000000
1.815000000000000	0.246436000000000
1.816000000000000	0.263184000000000
1.817000000000000	0.229688000000000
1.818000000000000	0.245239000000000
1.819000000000000	0.269165000000000
1.820000000000000	0.252417000000000
1.821000000000000	0.240454000000000
1.822000000000000	0.236865000000000
1.823000000000000	0.224902000000000
1.824000000000000	0.221313000000000
1.825000000000000	0.253613000000000
1.826000000000000	0.221313000000000
1.827000000000000	0.229688000000000
1.828000000000000	0.228491000000000
1.829000000000000	0.212939000000000
1.830000000000000	0.270361000000000
1.831000000000000	0.266772000000000
1.832000000000000	0.265576000000000
1.833000000000000	0.234473000000000
1.834000000000000	0.273950000000000
1.835000000000000	0.258398000000000
1.836000000000000	0.251221000000000
1.837000000000000	0.259595000000000
1.838000000000000	0.282324000000000
1.839000000000000	0.266772000000000
1.840000000000000	0.258398000000000
1.841000000000000	0.271558000000000
1.842000000000000	0.229688000000000
1.843000000000000	0.214136000000000
1.844000000000000	0.272754000000000
1.845000000000000	0.261987000000000
1.846000000000000	0.297876000000000
1.847000000000000	0.278735000000000
1.848000000000000	0.276343000000000
1.849000000000000	0.250024000000000
1.850000000000000	0.279932000000000
1.851000000000000	0.303857000000000
1.852000000000000	0.290698000000000
1.853000000000000	0.252417000000000
1.854000000000000	0.287109000000000
1.855000000000000	0.245239000000000
1.856000000000000	0.271558000000000
1.857000000000000	0.257202000000000
1.858000000000000	0.293091000000000
1.859000000000000	0.245239000000000
1.860000000000000	0.263184000000000
1.861000000000000	0.247632000000000
1.862000000000000	0.270361000000000
1.863000000000000	0.285913000000000
1.864000000000000	0.282324000000000
1.865000000000000	0.281128000000000
1.866000000000000	0.314624000000000
1.867000000000000	0.271558000000000
1.868000000000000	0.263184000000000
1.869000000000000	0.309839000000000
1.870000000000000	0.276343000000000
1.871000000000000	0.258398000000000
1.872000000000000	0.230884000000000
1.873000000000000	0.252417000000000
1.874000000000000	0.279932000000000
1.875000000000000	0.269165000000000
1.876000000000000	0.259595000000000
1.877000000000000	0.283521000000000
1.878000000000000	0.282324000000000
1.879000000000000	0.251221000000000
1.880000000000000	0.294287000000000
1.881000000000000	0.275146000000000
1.882000000000000	0.271558000000000
1.883000000000000	0.302661000000000
1.884000000000000	0.267969000000000
1.885000000000000	0.285913000000000
1.886000000000000	0.270361000000000
1.887000000000000	0.250024000000000
1.888000000000000	0.217725000000000
1.889000000000000	0.276343000000000
1.890000000000000	0.236865000000000
1.891000000000000	0.229688000000000
1.892000000000000	0.214136000000000
1.893000000000000	0.220117000000000
1.894000000000000	0.217725000000000
1.895000000000000	0.228491000000000
1.896000000000000	0.215332000000000
1.897000000000000	0.260791000000000
1.898000000000000	0.232080000000000
1.899000000000000	0.234473000000000
1.900000000000000	0.218921000000000
1.901000000000000	0.256006000000000
1.902000000000000	0.245239000000000
1.903000000000000	0.220117000000000
1.904000000000000	0.203369000000000
1.905000000000000	0.202173000000000
1.906000000000000	0.186621000000000
1.907000000000000	0.190210000000000
1.908000000000000	0.185425000000000
1.909000000000000	0.186621000000000
1.910000000000000	0.184229000000000
1.911000000000000	0.190210000000000
1.912000000000000	0.174658000000000
1.913000000000000	0.186621000000000
1.914000000000000	0.209351000000000
1.915000000000000	0.192603000000000
1.916000000000000	0.186621000000000
1.917000000000000	0.180640000000000
1.918000000000000	0.183032000000000
1.919000000000000	0.167480000000000
1.920000000000000	0.144751000000000
1.921000000000000	0.153125000000000
1.922000000000000	0.169873000000000
1.923000000000000	0.144751000000000
1.924000000000000	0.120825000000000
1.925000000000000	0.125610000000000
1.926000000000000	0.165088000000000
1.927000000000000	0.132788000000000
1.928000000000000	0.169873000000000
1.929000000000000	0.153125000000000
1.930000000000000	0.178247000000000
1.931000000000000	0.165088000000000
1.932000000000000	0.142358000000000
1.933000000000000	0.149536000000000
1.934000000000000	0.145947000000000
1.935000000000000	0.150732000000000
1.936000000000000	0.135181000000000
1.937000000000000	0.145947000000000
1.938000000000000	0.137573000000000
1.939000000000000	0.112451000000000
1.940000000000000	0.117236000000000
1.941000000000000	0.122021000000000
1.942000000000000	0.118433000000000
1.943000000000000	0.122021000000000
1.944000000000000	0.098096000000000
1.945000000000000	0.105273000000000
1.946000000000000	0.124414000000000
1.947000000000000	0.149536000000000
1.948000000000000	0.108862000000000
1.949000000000000	0.156714000000000
1.950000000000000	0.111255000000000
1.951000000000000	0.132788000000000
1.952000000000000	0.124414000000000
1.953000000000000	0.108862000000000
1.954000000000000	0.102881000000000
1.955000000000000	0.141162000000000
1.956000000000000	0.104077000000000
1.957000000000000	0.094507000000000
1.958000000000000	0.125610000000000
1.959000000000000	0.093311000000000
1.960000000000000	0.125610000000000
1.961000000000000	0.139966000000000
1.962000000000000	0.090918000000000
1.963000000000000	0.150732000000000
1.964000000000000	0.137573000000000
1.965000000000000	0.137573000000000
1.966000000000000	0.094507000000000
1.967000000000000	0.166284000000000
1.968000000000000	0.168677000000000
1.969000000000000	0.093311000000000
1.970000000000000	0.149536000000000
1.971000000000000	0.129199000000000
1.972000000000000	0.084937000000000
1.973000000000000	0.076563000000000
1.974000000000000	0.099292000000000
1.975000000000000	0.102881000000000
1.976000000000000	0.106470000000000
1.977000000000000	0.098096000000000
1.978000000000000	0.090918000000000
1.979000000000000	0.128003000000000
1.980000000000000	0.141162000000000
1.981000000000000	0.126807000000000
1.982000000000000	0.147144000000000
1.983000000000000	0.137573000000000
1.984000000000000	0.113647000000000
1.985000000000000	0.111255000000000
1.986000000000000	0.129199000000000
1.987000000000000	0.111255000000000
1.988000000000000	0.106470000000000
1.989000000000000	0.104077000000000
1.990000000000000	0.096899000000000
1.991000000000000	0.095703000000000
1.992000000000000	0.110059000000000
1.993000000000000	0.113647000000000
1.994000000000000	0.119629000000000
1.995000000000000	0.101685000000000
1.996000000000000	0.102881000000000
1.997000000000000	0.111255000000000
1.998000000000000	0.136377000000000
1.999000000000000	0.126807000000000
2.000000000000000	0.161499000000000