Force produced by a submaximally-activated cat soleus muscle in vivo while
applying length changes of maximum amplitude 1.0 mm and a random stimulation
signal with a mean frequency of 30 Hz. Experimental data was provided by T.G.
Sandercock [1]. Please refer to Millard et al. [2] for details.

References:
    1. Perreault, E.J., Heckman, C.J., and Sandercock, T.G., 2003. "Hill
       muscle model errors during movement are greatest within the
       physiologically relevant range of motor unit firing rates". Journal
       of Biomechanics, 36(2), pp. 211--218.
       http://dx.doi.org/10.1016/S0021-9290(02)00332-9.
    2. Millard, M., Uchida, T., Seth, A., and Delp, S.L., 2013. "Flexing
       computational muscle: Modeling and simulation of musculotendon
       dynamics". ASME Journal of Biomechanical Engineering, 135(2),
       p. 021013 (11 pages). http://dx.doi.org/10.1115/1.4023390.

endheader
time_s	force_N
0.000000000000000	0.035889000000000
0.001000000000000	0.035889000000000
0.002000000000000	0.035889000000000
0.003000000000000	0.047852000000000
0.004000000000000	0.022729000000000
0.005000000000000	0.000000000000000
0.006000000000000	0.028711000000000
0.007000000000000	0.019141000000000
0.008000000000000	0.000000000000000
0.009000000000000	0.000000000000000
0.010000000000000	0.000000000000000
0.011000000000000	0.000000000000000
0.012000000000000	0.005981000000000
0.013000000000000	0.000000000000000
0.014000000000000	0.000000000000000
0.015000000000000	0.000000000000000
0.016000000000000	0.000000000000000
0.017000000000000	0.000000000000000
0.018000000000000	0.053833000000000
0.019000000000000	0.020337000000000
0.020000000000000	0.022729000000000
0.021000000000000	0.000000000000000
0.022000000000000	0.027515000000000
0.023000000000000	0.011963000000000
0.024000000000000	0.014355000000000
0.025000000000000	0.022729000000000
0.026000000000000	0.008374000000000
0.027000000000000	0.000000000000000
0.028000000000000	0.000000000000000
0.029000000000000	0.019141000000000
0.030000000000000	0.000000000000000
0.031000000000000	0.004785000000000
0.032000000000000	0.000000000000000
0.033000000000000	0.002393000000000
0.034000000000000	0.001196000000000
0.035000000000000	0.003589000000000
0.036000000000000	0.035889000000000
0.037000000000000	0.017944000000000
0.038000000000000	0.008374000000000
0.039000000000000	0.028711000000000
0.040000000000000	0.000000000000000
0.041000000000000	0.000000000000000
0.042000000000000	0.000000000000000
0.043000000000000	0.000000000000000
0.044000000000000	0.000000000000000
0.045000000000000	0.000000000000000
0.046000000000000	0.000000000000000
0.047000000000000	0.000000000000000
0.048000000000000	0.000000000000000
0.049000000000000	0.004785000000000
0.050000000000000	0.013159000000000
0.051000000000000	0.003589000000000
0.052000000000000	0.000000000000000
0.053000000000000	0.016748000000000
0.054000000000000	0.014355000000000
0.055000000000000	0.000000000000000
0.056000000000000	0.000000000000000
0.057000000000000	0.045459000000000
0.058000000000000	0.019141000000000
0.059000000000000	0.005981000000000
0.060000000000000	0.000000000000000
0.061000000000000	0.000000000000000
0.062000000000000	0.000000000000000
0.063000000000000	0.004785000000000
0.064000000000000	0.000000000000000
0.065000000000000	0.000000000000000
0.066000000000000	0.001196000000000
0.067000000000000	0.003589000000000
0.068000000000000	0.010767000000000
0.069000000000000	0.011963000000000
0.070000000000000	0.004785000000000
0.071000000000000	0.020337000000000
0.072000000000000	0.000000000000000
0.073000000000000	0.000000000000000
0.074000000000000	0.000000000000000
0.075000000000000	0.000000000000000
0.076000000000000	0.000000000000000
0.077000000000000	0.000000000000000
0.078000000000000	0.000000000000000
0.079000000000000	0.000000000000000
0.080000000000000	0.000000000000000
0.081000000000000	0.000000000000000
0.082000000000000	0.000000000000000
0.083000000000000	0.000000000000000
0.084000000000000	0.029907000000000
0.085000000000000	0.045459000000000
0.086000000000000	0.000000000000000
0.087000000000000	0.035889000000000
0.088000000000000	0.009570000000000
0.089000000000000	0.002393000000000
0.090000000000000	0.011963000000000
0.091000000000000	0.023926000000000
0.092000000000000	0.000000000000000
0.093000000000000	0.000000000000000
0.094000000000000	0.000000000000000
0.095000000000000	0.003589000000000
0.096000000000000	0.000000000000000
0.097000000000000	0.000000000000000
0.098000000000000	0.000000000000000
0.099000000000000	0.000000000000000
0.100000000000000	0.002393000000000
0.101000000000000	0.000000000000000
0.102000000000000	0.010767000000000
0.103000000000000	0.027515000000000
0.104000000000000	0.000000000000000
0.105000000000000	0.008374000000000
0.106000000000000	0.000000000000000
0.107000000000000	0.000000000000000
0.108000000000000	0.008374000000000
0.109000000000000	0.052637000000000
0.110000000000000	0.064600000000000
0.111000000000000	0.026318000000000
0.112000000000000	0.118433000000000
0.113000000000000	0.128003000000000
0.114000000000000	0.186621000000000
0.115000000000000	0.236865000000000
0.116000000000000	0.293091000000000
0.117000000000000	0.381616000000000
0.118000000000000	0.382812000000000
0.119000000000000	0.458179000000000
0.120000000000000	0.512012000000000
0.121000000000000	0.539526000000000
0.122000000000000	0.613696000000000
0.123000000000000	0.671118000000000
0.124000000000000	0.698633000000000
0.125000000000000	0.728540000000000
0.126000000000000	0.800317000000000
0.127000000000000	0.823047000000000
0.128000000000000	0.870898000000000
0.129000000000000	0.937891000000000
0.130000000000000	0.984546000000000
0.131000000000000	1.025220000000000
0.132000000000000	1.081445000000000
0.133000000000000	1.130493000000000
0.134000000000000	1.202271000000000
0.135000000000000	1.271655000000000
0.136000000000000	1.312329000000000
0.137000000000000	1.339844000000000
0.138000000000000	1.374536000000000
0.139000000000000	1.461865000000000
0.140000000000000	1.485791000000000
0.141000000000000	1.534839000000000
0.142000000000000	1.570728000000000
0.143000000000000	1.616187000000000
0.144000000000000	1.635327000000000
0.145000000000000	1.689160000000000
0.146000000000000	1.721460000000000
0.147000000000000	1.798022000000000
0.148000000000000	1.821948000000000
0.149000000000000	1.812378000000000
0.150000000000000	1.921240000000000
0.151000000000000	1.932007000000000
0.152000000000000	1.973877000000000
0.153000000000000	2.015747000000000
0.154000000000000	2.079150000000000
0.155000000000000	2.140161000000000
0.156000000000000	2.253809000000000
0.157000000000000	2.345923000000000
0.158000000000000	2.411719000000000
0.159000000000000	2.522974000000000
0.160000000000000	2.617480000000000
0.161000000000000	2.721558000000000
0.162000000000000	2.868701000000000
0.163000000000000	2.965601000000000
0.164000000000000	3.078052000000000
0.165000000000000	3.183325000000000
0.166000000000000	3.319702000000000
0.167000000000000	3.429761000000000
0.168000000000000	3.544604000000000
0.169000000000000	3.665430000000000
0.170000000000000	3.774292000000000
0.171000000000000	3.838892000000000
0.172000000000000	3.944165000000000
0.173000000000000	4.063794000000000
0.174000000000000	4.198975000000000
0.175000000000000	4.230078000000000
0.176000000000000	4.350903000000000
0.177000000000000	4.456177000000000
0.178000000000000	4.562646000000000
0.179000000000000	4.649976000000000
0.180000000000000	4.763623000000000
0.181000000000000	4.859326000000000
0.182000000000000	4.976562000000000
0.183000000000000	5.050732000000000
0.184000000000000	5.153613000000000
0.185000000000000	5.236157000000000
0.186000000000000	5.315112000000000
0.187000000000000	5.453882000000000
0.188000000000000	5.505322000000000
0.189000000000000	5.614185000000000
0.190000000000000	5.654858000000000
0.191000000000000	5.720654000000000
0.192000000000000	5.787646000000001
0.193000000000000	5.895313000000001
0.194000000000000	5.998193000000000
0.195000000000000	6.078345000000000
0.196000000000000	6.196777000000000
0.197000000000000	6.317603000000000
0.198000000000000	6.391771999999999
0.199000000000000	6.541309000000000
0.200000000000000	6.699218999999999
0.201000000000000	6.835596000000000
0.202000000000000	6.995898000000000
0.203000000000000	7.101172000000000
0.204000000000000	7.229174999999999
0.205000000000000	7.360767000000001
0.206000000000000	7.485181000000000
0.207000000000000	7.610791000000000
0.208000000000000	7.712476000000000
0.209000000000000	7.811768000000000
0.210000000000000	7.906273999999999
0.211000000000000	8.001977999999999
0.212000000000000	8.089307000000000
0.213000000000000	8.252001999999999
0.214000000000000	8.318994000000000
0.215000000000000	8.406323000000000
0.216000000000000	8.533130000000000
0.217000000000000	8.661133000000000
0.218000000000000	8.725732000000001
0.219000000000000	8.850146000000001
0.220000000000000	8.954224000000000
0.221000000000000	9.027196999999999
0.222000000000000	9.154004000000001
0.223000000000000	9.238940000000000
0.224000000000000	9.364551000000001
0.225000000000000	9.485376000000001
0.226000000000000	9.593042000000001
0.227000000000000	9.701904000000001
0.228000000000000	9.862207000000000
0.229000000000000	9.924414000000001
0.230000000000000	10.064380000000000
0.231000000000000	10.163672000000000
0.232000000000000	10.310815000000000
0.233000000000000	10.406518999999999
0.234000000000000	10.515381000000000
0.235000000000000	10.639794999999999
0.236000000000000	10.713965000000000
0.237000000000000	10.760619999999999
0.238000000000000	10.844360000000000
0.239000000000000	10.943652000000000
0.240000000000000	11.004663000000001
0.241000000000000	11.078832999999999
0.242000000000000	11.149414000000000
0.243000000000000	11.217603000000000
0.244000000000000	11.267846999999998
0.245000000000000	11.282202000000000
0.246000000000000	11.370728000000000
0.247000000000000	11.428148999999999
0.248000000000000	11.487963999999998
0.249000000000000	11.545385999999999
0.250000000000000	11.581273999999999
0.251000000000000	11.666211000000002
0.252000000000000	11.729614000000002
0.253000000000000	11.759520999999999
0.254000000000000	11.767896000000000
0.255000000000000	11.784643999999998
0.256000000000000	11.842064999999998
0.257000000000000	11.844457999999999
0.258000000000000	11.818140000000000
0.259000000000000	11.815747000000000
0.260000000000000	11.814551000000000
0.261000000000000	11.771484000000001
0.262000000000000	11.787036000000002
0.263000000000000	11.758324999999999
0.264000000000000	11.711670000000000
0.265000000000000	11.703296000000000
0.266000000000000	11.659032999999999
0.267000000000000	11.681763000000000
0.268000000000000	11.661426000000001
0.269000000000000	11.656641000000000
0.270000000000000	11.605200000000000
0.271000000000000	11.626733000000000
0.272000000000000	11.639893000000001
0.273000000000000	11.641088999999999
0.274000000000000	11.598022000000000
0.275000000000000	11.564526000000001
0.276000000000000	11.583667000000000
0.277000000000000	11.554956000000001
0.278000000000000	11.568115000000002
0.279000000000000	11.542992999999999
0.280000000000000	11.552563000000001
0.281000000000000	11.487963999999998
0.282000000000000	11.523852999999999
0.283000000000000	11.503515999999999
0.284000000000000	11.517871000000000
0.285000000000000	11.540601000000001
0.286000000000000	11.577686000000000
0.287000000000000	11.560938000000000
0.288000000000000	11.542992999999999
0.289000000000000	11.552563000000001
0.290000000000000	11.569312000000000
0.291000000000000	11.595630000000000
0.292000000000000	11.572900000000001
0.293000000000000	11.584863000000000
0.294000000000000	11.594434000000001
0.295000000000000	11.613574000000000
0.296000000000000	11.594434000000001
0.297000000000000	11.609985000000002
0.298000000000000	11.642284999999999
0.299000000000000	11.627929999999997
0.300000000000000	11.665014999999999
0.301000000000000	11.666211000000002
0.302000000000000	11.705688000000000
0.303000000000000	11.716455000000000
0.304000000000000	11.716455000000000
0.305000000000000	11.783447000000001
0.306000000000000	11.766698999999999
0.307000000000000	11.752344000000001
0.308000000000000	11.764306999999999
0.309000000000000	11.787036000000002
0.310000000000000	11.802588000000000
0.311000000000000	11.796606000000001
0.312000000000000	11.807373000000002
0.313000000000000	11.819336000000000
0.314000000000000	11.825317000000000
0.315000000000000	11.834888000000001
0.316000000000000	11.850439000000001
0.317000000000000	11.903076000000000
0.318000000000000	11.968871999999998
0.319000000000000	12.015527000000001
0.320000000000000	12.001172000000000
0.321000000000000	12.052612000000000
0.322000000000000	12.075342000000001
0.323000000000000	12.127979000000000
0.324000000000000	12.150708000000000
0.325000000000000	12.179418999999999
0.326000000000000	12.208130000000001
0.327000000000000	12.233252000000000
0.328000000000000	12.283496000000000
0.329000000000000	12.321777000000001
0.330000000000000	12.382788000000000
0.331000000000000	12.409106000000001
0.332000000000000	12.473706000000000
0.333000000000000	12.533521000000000
0.334000000000000	12.578978999999999
0.335000000000000	12.614868000000000
0.336000000000000	12.663916000000002
0.337000000000000	12.745264000000001
0.338000000000000	12.788330000000000
0.339000000000000	12.825414999999998
0.340000000000000	12.876854999999999
0.341000000000000	12.945043999999998
0.342000000000000	12.971361999999999
0.343000000000000	12.994092000000000
0.344000000000000	13.089795000000001
0.345000000000000	13.118506000000000
0.346000000000000	13.169945999999999
0.347000000000000	13.275219999999999
0.348000000000000	13.329053000000000
0.349000000000000	13.400829999999999
0.350000000000000	13.551563000000000
0.351000000000000	13.646069000000001
0.352000000000000	13.702294999999998
0.353000000000000	13.820728000000001
0.354000000000000	13.890112000000000
0.355000000000000	14.012134000000000
0.356000000000000	14.118603999999998
0.357000000000000	14.213109999999999
0.358000000000000	14.283691000000001
0.359000000000000	14.362646000000002
0.360000000000000	14.428442000000000
0.361000000000000	14.502611999999997
0.362000000000000	14.609082000000001
0.363000000000000	14.683252000000000
0.364000000000000	14.768188000000000
0.365000000000000	14.799291999999998
0.366000000000000	14.891406000000000
0.367000000000000	14.993091000000000
0.368000000000000	15.081616000000000
0.369000000000000	15.173730000000001
0.370000000000000	15.250292999999999
0.371000000000000	15.414184999999998
0.372000000000000	15.481177000000001
0.373000000000000	15.566113000000000
0.374000000000000	15.674975999999999
0.375000000000000	15.794604000000000
0.376000000000000	15.880737000000000
0.377000000000000	15.956104000000000
0.378000000000000	16.053003000000000
0.379000000000000	16.140332000000001
0.380000000000000	16.246801999999999
0.381000000000000	16.322168000000001
0.382000000000000	16.423853000000001
0.383000000000000	16.481273999999999
0.384000000000000	16.560229000000000
0.385000000000000	16.597314000000001
0.386000000000000	16.626024999999998
0.387000000000000	16.707373000000000
0.388000000000000	16.736084000000002
0.389000000000000	16.754028000000002
0.390000000000000	16.821020999999998
0.391000000000000	16.842554000000000
0.392000000000000	16.822216999999998
0.393000000000000	16.841356999999999
0.394000000000000	16.850928000000000
0.395000000000000	16.890405000000001
0.396000000000000	16.928687000000000
0.397000000000000	16.968164000000002
0.398000000000000	16.984912000000001
0.399000000000000	16.963379000000000
0.400000000000000	17.008838000000001
0.401000000000000	17.010034000000001
0.402000000000000	17.083008000000000
0.403000000000000	17.078223000000001
0.404000000000000	17.108129999999999
0.405000000000000	17.085400000000000
0.406000000000000	17.133251999999999
0.407000000000000	17.185889000000000
0.408000000000000	17.220580999999999
0.409000000000000	17.276807000000002
0.410000000000000	17.298340000000000
0.411000000000000	17.372509999999998
0.412000000000000	17.469408999999999
0.413000000000000	17.506494000000000
0.414000000000000	17.584253000000000
0.415000000000000	17.691918999999999
0.416000000000000	17.756519000000001
0.417000000000000	17.842651000000000
0.418000000000000	17.943140000000000
0.419000000000000	18.034058000000002
0.420000000000000	18.083105000000000
0.421000000000000	18.168042000000000
0.422000000000000	18.273315000000000
0.423000000000000	18.359448000000000
0.424000000000000	18.421655000000001
0.425000000000000	18.446777000000001
0.426000000000000	18.514966000000001
0.427000000000000	18.614258000000000
0.428000000000000	18.689623999999998
0.429000000000000	18.737476000000001
0.430000000000000	18.794896999999999
0.431000000000000	18.846337999999999
0.432000000000000	18.900171000000000
0.433000000000000	18.965966999999999
0.434000000000000	19.034154999999998
0.435000000000000	19.084399000000001
0.436000000000000	19.087987999999999
0.437000000000000	19.077221999999999
0.438000000000000	19.121483999999999
0.439000000000000	19.110717999999999
0.440000000000000	19.110717999999999
0.441000000000000	19.147803000000000
0.442000000000000	19.144214000000002
0.443000000000000	19.079613999999999
0.444000000000000	19.076025000000001
0.445000000000000	19.055688000000000
0.446000000000000	19.031763000000002
0.447000000000000	18.975536999999999
0.448000000000000	18.934863000000000
0.449000000000000	18.921703999999998
0.450000000000000	18.878637999999999
0.451000000000000	18.820020000000000
0.452000000000000	18.741064000000001
0.453000000000000	18.732690000000002
0.454000000000000	18.670483000000001
0.455000000000000	18.645361000000001
0.456000000000000	18.605884000000000
0.457000000000000	18.586742999999998
0.458000000000000	18.526928999999999
0.459000000000000	18.474291999999998
0.460000000000000	18.441991999999999
0.461000000000000	18.406103999999999
0.462000000000000	18.410889000000001
0.463000000000000	18.365430000000000
0.464000000000000	18.294848999999999
0.465000000000000	18.280493000000000
0.466000000000000	18.267334000000002
0.467000000000000	18.217089999999999
0.468000000000000	18.171631000000001
0.469000000000000	18.134546000000000
0.470000000000000	18.068750000000001
0.471000000000000	18.030469000000000
0.472000000000000	17.963477000000001
0.473000000000000	17.926392000000000
0.474000000000000	17.908446999999999
0.475000000000000	17.866576999999999
0.476000000000000	17.781641000000000
0.477000000000000	17.770873999999999
0.478000000000000	17.756519000000001
0.479000000000000	17.673974999999999
0.480000000000000	17.657226999999999
0.481000000000000	17.645264000000001
0.482000000000000	17.573485999999999
0.483000000000000	17.493334999999998
0.484000000000000	17.443090999999999
0.485000000000000	17.390453999999998
0.486000000000000	17.285181000000001
0.487000000000000	17.196655000000000
0.488000000000000	17.088989000000002
0.489000000000000	16.978930999999999
0.490000000000000	16.855713000000002
0.491000000000000	16.709765999999998
0.492000000000000	16.572192000000001
0.493000000000000	16.475293000000001
0.494000000000000	16.289867999999998
0.495000000000000	16.183398000000000
0.496000000000000	16.023095999999999
0.497000000000000	15.896288999999998
0.498000000000000	15.756323000000002
0.499000000000000	15.622339000000000
0.500000000000000	15.532617000000000
0.501000000000000	15.410596000000000
0.502000000000000	15.264647999999999
0.503000000000000	15.107934999999999
0.504000000000000	15.008642999999999
0.505000000000000	14.871068999999999
0.506000000000000	14.707178000000001
0.507000000000000	14.564819000000000
0.508000000000000	14.415283000000001
0.509000000000000	14.250195000000000
0.510000000000000	14.120995999999998
0.511000000000000	13.997778000000000
0.512000000000000	13.872168000000000
0.513000000000000	13.722632000000001
0.514000000000000	13.610181000000001
0.515000000000000	13.480981000000000
0.516000000000000	13.393651999999999
0.517000000000000	13.326660000000000
0.518000000000000	13.205835000000000
0.519000000000000	13.108936000000002
0.520000000000000	13.034765999999999
0.521000000000000	12.921118000000000
0.522000000000000	12.808667000000000
0.523000000000000	12.748853000000002
0.524000000000000	12.678270999999999
0.525000000000000	12.574194000000000
0.526000000000000	12.446191000000002
0.527000000000000	12.410303000000001
0.528000000000000	12.314600000000000
0.529000000000000	12.245214999999998
0.530000000000000	12.142334000000000
0.531000000000000	12.075342000000001
0.532000000000000	12.041846000000000
0.533000000000000	11.927001999999998
0.534000000000000	11.897095000000000
0.535000000000000	11.833691000000000
0.536000000000000	11.772681000000000
0.537000000000000	11.710474000000000
0.538000000000000	11.686547999999998
0.539000000000000	11.657837000000001
0.540000000000000	11.625537000000000
0.541000000000000	11.563330000000001
0.542000000000000	11.550171000000001
0.543000000000000	11.541797000000001
0.544000000000000	11.513085999999999
0.545000000000000	11.522656000000000
0.546000000000000	11.504712000000000
0.547000000000000	11.542992999999999
0.548000000000000	11.507104000000000
0.549000000000000	11.503515999999999
0.550000000000000	11.538207999999999
0.551000000000000	11.570508000000000
0.552000000000000	11.576489000000000
0.553000000000000	11.574097000000000
0.554000000000000	11.584863000000000
0.555000000000000	11.577686000000000
0.556000000000000	11.598022000000000
0.557000000000000	11.596826000000000
0.558000000000000	11.601610999999998
0.559000000000000	11.624340999999999
0.560000000000000	11.615967000000001
0.561000000000000	11.607592999999998
0.562000000000000	11.644678000000003
0.563000000000000	11.679369999999999
0.564000000000000	11.686547999999998
0.565000000000000	11.678174000000000
0.566000000000000	11.730810999999999
0.567000000000000	11.765503000000002
0.568000000000000	11.753539999999999
0.569000000000000	11.798999000000000
0.570000000000000	11.827709999999998
0.571000000000000	11.891113000000001
0.572000000000000	11.984424000000002
0.573000000000000	11.982030999999999
0.574000000000000	12.027490000000002
0.575000000000000	12.120801000000000
0.576000000000000	12.133960000000000
0.577000000000000	12.179418999999999
0.578000000000000	12.255981000000000
0.579000000000000	12.307422000000001
0.580000000000000	12.339722000000000
0.581000000000000	12.413892000000001
0.582000000000000	12.484472999999998
0.583000000000000	12.535912999999999
0.584000000000000	12.614868000000000
0.585000000000000	12.680664000000000
0.586000000000000	12.764404000000003
0.587000000000000	12.803881999999998
0.588000000000000	12.866089000000001
0.589000000000000	12.934277000000000
0.590000000000000	12.996483999999999
0.591000000000000	13.074242999999999
0.592000000000000	13.112524000000001
0.593000000000000	13.180713000000003
0.594000000000000	13.202246000000002
0.595000000000000	13.270435000000001
0.596000000000000	13.350586000000000
0.597000000000000	13.421167000000002
0.598000000000000	13.458252000000000
0.599000000000000	13.538403000000001
0.600000000000000	13.595825000000000
0.601000000000000	13.673584000000000
0.602000000000000	13.713062000000001
0.603000000000000	13.795604999999998
0.604000000000000	13.872168000000000
0.605000000000000	13.976245000000000
0.606000000000000	14.034863000000000
0.607000000000000	14.132959000000000
0.608000000000000	14.184399000000001
0.609000000000000	14.263354000000001
0.610000000000000	14.314795000000000
0.611000000000000	14.406909000000001
0.612000000000000	14.465527000000000
0.613000000000000	14.537304999999998
0.614000000000000	14.641382000000000
0.615000000000000	14.683252000000000
0.616000000000000	14.764600000000002
0.617000000000000	14.843555000000002
0.618000000000000	14.897387999999998
0.619000000000000	15.021801999999999
0.620000000000000	15.080420000000000
0.621000000000000	15.160570999999997
0.622000000000000	15.217993000000002
0.623000000000000	15.286182000000000
0.624000000000000	15.335229000000000
0.625000000000000	15.430933000000000
0.626000000000000	15.469213999999999
0.627000000000000	15.543384000000001
0.628000000000000	15.657031000000002
0.629000000000000	15.725220000000000
0.630000000000000	15.804175000000001
0.631000000000000	15.872363000000000
0.632000000000000	15.953710999999998
0.633000000000000	16.070947000000000
0.634000000000000	16.128368999999999
0.635000000000000	16.213305999999999
0.636000000000000	16.320972000000001
0.637000000000000	16.396338000000000
0.638000000000000	16.440601000000001
0.639000000000000	16.507593000000000
0.640000000000000	16.610474000000000
0.641000000000000	16.648755000000001
0.642000000000000	16.706177000000000
0.643000000000000	16.757617000000000
0.644000000000000	16.774365000000000
0.645000000000000	16.831786999999998
0.646000000000000	16.866479000000002
0.647000000000000	16.890405000000001
0.648000000000000	16.896387000000001
0.649000000000000	16.957397000000000
0.650000000000000	16.980127000000000
0.651000000000000	17.031566999999999
0.652000000000000	17.020800999999999
0.653000000000000	17.026782000000001
0.654000000000000	17.023192999999999
0.655000000000000	17.049512000000000
0.656000000000000	17.051904000000000
0.657000000000000	17.012426999999999
0.658000000000000	17.023192999999999
0.659000000000000	16.989697000000000
0.660000000000000	16.983716000000001
0.661000000000000	16.952611999999998
0.662000000000000	16.923901000000001
0.663000000000000	16.923901000000001
0.664000000000000	16.910741999999999
0.665000000000000	16.899975999999999
0.666000000000000	16.878442000000000
0.667000000000000	16.890405000000001
0.668000000000000	16.871265000000001
0.669000000000000	16.850928000000000
0.670000000000000	16.788720999999999
0.671000000000000	16.783936000000001
0.672000000000000	16.793506000000001
0.673000000000000	16.748047000000000
0.674000000000000	16.775562000000001
0.675000000000000	16.760010000000001
0.676000000000000	16.737279999999998
0.677000000000000	16.700195000000001
0.678000000000000	16.715747000000000
0.679000000000000	16.732495000000000
0.680000000000000	16.721729000000000
0.681000000000000	16.743262000000001
0.682000000000000	16.728905999999998
0.683000000000000	16.749243000000000
0.684000000000000	16.762402000000002
0.685000000000000	16.809058000000000
0.686000000000000	16.798290999999999
0.687000000000000	16.805468999999999
0.688000000000000	16.768384000000001
0.689000000000000	16.803076000000001
0.690000000000000	16.821020999999998
0.691000000000000	16.811450000000001
0.692000000000000	16.806664999999999
0.693000000000000	16.765991000000000
0.694000000000000	16.829395000000002
0.695000000000000	16.792310000000001
0.696000000000000	16.810254000000000
0.697000000000000	16.825806000000000
0.698000000000000	16.836572000000000
0.699000000000000	16.855713000000002
0.700000000000000	16.847339000000002
0.701000000000000	16.837769000000002
0.702000000000000	16.874853999999999
0.703000000000000	16.880835000000001
0.704000000000000	16.882031000000001
0.705000000000000	16.872461000000001
0.706000000000000	16.916723999999999
0.707000000000000	16.905957000000001
0.708000000000000	16.890405000000001
0.709000000000000	16.872461000000001
0.710000000000000	16.889209000000001
0.711000000000000	16.905957000000001
0.712000000000000	16.902367999999999
0.713000000000000	16.886816000000000
0.714000000000000	16.898779000000001
0.715000000000000	16.903563999999999
0.716000000000000	16.903563999999999
0.717000000000000	16.911937999999999
0.718000000000000	16.939453000000000
0.719000000000000	16.955005000000000
0.720000000000000	16.933471999999998
0.721000000000000	16.949023000000000
0.722000000000000	16.945435000000000
0.723000000000000	16.971753000000000
0.724000000000000	16.907153000000001
0.725000000000000	16.953809000000000
0.726000000000000	16.923901000000001
0.727000000000000	16.856909000000002
0.728000000000000	16.871265000000001
0.729000000000000	16.876049999999999
0.730000000000000	16.891601999999999
0.731000000000000	16.883227999999999
0.732000000000000	16.883227999999999
0.733000000000000	16.920313000000000
0.734000000000000	16.925097999999998
0.735000000000000	16.953809000000000
0.736000000000000	16.953809000000000
0.737000000000000	16.986108000000002
0.738000000000000	16.996874999999999
0.739000000000000	17.027978999999998
0.740000000000000	17.055492999999998
0.741000000000000	17.078223000000001
0.742000000000000	17.122485000000001
0.743000000000000	17.096167000000001
0.744000000000000	17.148803999999998
0.745000000000000	17.191870000000002
0.746000000000000	17.216992000000001
0.747000000000000	17.258862000000001
0.748000000000000	17.251684999999998
0.749000000000000	17.280396000000000
0.750000000000000	17.339013999999999
0.751000000000000	17.409594999999999
0.752000000000000	17.440698000000001
0.753000000000000	17.504102000000000
0.754000000000000	17.496924000000000
0.755000000000000	17.511278999999998
0.756000000000000	17.565111999999999
0.757000000000000	17.590233999999999
0.758000000000000	17.575879000000000
0.759000000000000	17.583057000000000
0.760000000000000	17.598607999999999
0.761000000000000	17.624927000000000
0.762000000000000	17.691918999999999
0.763000000000000	17.724219000000002
0.764000000000000	17.775659000000001
0.765000000000000	17.847436999999999
0.766000000000000	17.897680999999999
0.767000000000000	17.949121000000002
0.768000000000000	18.014917000000001
0.769000000000000	18.114208999999999
0.770000000000000	18.183593999999999
0.771000000000000	18.212305000000001
0.772000000000000	18.297241000000000
0.773000000000000	18.378589000000002
0.774000000000000	18.404907000000001
0.775000000000000	18.401318000000000
0.776000000000000	18.422851999999999
0.777000000000000	18.524536000000001
0.778000000000000	18.534106000000001
0.779000000000000	18.572388000000000
0.780000000000000	18.639379999999999
0.781000000000000	18.628613000000001
0.782000000000000	18.674071999999999
0.783000000000000	18.759008999999999
0.784000000000000	18.803270999999999
0.785000000000000	18.892993000000001
0.786000000000000	18.901367000000000
0.787000000000000	18.933667000000000
0.788000000000000	18.964770999999999
0.789000000000000	19.024584999999998
0.790000000000000	19.068847999999999
0.791000000000000	19.110717999999999
0.792000000000000	19.141821000000000
0.793000000000000	19.144214000000002
0.794000000000000	19.170532000000001
0.795000000000000	19.220776000000001
0.796000000000000	19.262646000000000
0.797000000000000	19.300927999999999
0.798000000000000	19.329639000000000
0.799000000000000	19.430126999999999
0.800000000000000	19.469604000000000
0.801000000000000	19.488745000000002
0.802000000000000	19.530615000000001
0.803000000000000	19.602392999999999
0.804000000000000	19.637084999999999
0.805000000000000	19.674170000000000
0.806000000000000	19.689722000000000
0.807000000000000	19.735181000000001
0.808000000000000	19.767479999999999
0.809000000000000	19.780639999999998
0.810000000000000	19.810547000000000
0.811000000000000	19.852416999999999
0.812000000000000	19.881128000000000
0.813000000000000	19.885912999999999
0.814000000000000	19.873950000000001
0.815000000000000	19.934961000000001
0.816000000000000	19.975635000000000
0.817000000000000	19.975635000000000
0.818000000000000	20.001953000000000
0.819000000000000	19.985205000000001
0.820000000000000	20.000757000000000
0.821000000000000	19.956493999999999
0.822000000000000	19.946923999999999
0.823000000000000	19.970849999999999
0.824000000000000	19.900269000000002
0.825000000000000	19.836865000000000
0.826000000000000	19.766283999999999
0.827000000000000	19.707666000000000
0.828000000000000	19.656226000000000
0.829000000000000	19.591626000000002
0.830000000000000	19.488745000000002
0.831000000000000	19.428930999999999
0.832000000000000	19.339209000000000
0.833000000000000	19.268628000000000
0.834000000000000	19.174121000000000
0.835000000000000	19.151392000000001
0.836000000000000	19.110717999999999
0.837000000000000	19.046118000000000
0.838000000000000	19.036548000000000
0.839000000000000	18.981518999999999
0.840000000000000	18.934863000000000
0.841000000000000	18.927686000000001
0.842000000000000	18.883423000000001
0.843000000000000	18.876245000000001
0.844000000000000	18.858301000000001
0.845000000000000	18.834375000000001
0.846000000000000	18.816431000000001
0.847000000000000	18.814038000000000
0.848000000000000	18.805664000000000
0.849000000000000	18.818822999999998
0.850000000000000	18.817627000000002
0.851000000000000	18.853515999999999
0.852000000000000	18.835571000000002
0.853000000000000	18.843945000000001
0.854000000000000	18.826001000000002
0.855000000000000	18.860693000000001
0.856000000000000	18.854711999999999
0.857000000000000	18.865479000000001
0.858000000000000	18.865479000000001
0.859000000000000	18.827197000000002
0.860000000000000	18.816431000000001
0.861000000000000	18.835571000000002
0.862000000000000	18.828393999999999
0.863000000000000	18.793700999999999
0.864000000000000	18.797290000000000
0.865000000000000	18.784130999999999
0.866000000000000	18.802074999999999
0.867000000000000	18.781738000000001
0.868000000000000	18.834375000000001
0.869000000000000	18.812842000000000
0.870000000000000	18.840356000000000
0.871000000000000	18.830786000000000
0.872000000000000	18.829590000000000
0.873000000000000	18.835571000000002
0.874000000000000	18.863085999999999
0.875000000000000	18.828393999999999
0.876000000000000	18.816431000000001
0.877000000000000	18.796094000000000
0.878000000000000	18.821216000000000
0.879000000000000	18.835571000000002
0.880000000000000	18.861889999999999
0.881000000000000	18.841553000000001
0.882000000000000	18.869067000000001
0.883000000000000	18.865479000000001
0.884000000000000	18.828393999999999
0.885000000000000	18.812842000000000
0.886000000000000	18.776952999999999
0.887000000000000	18.701587000000000
0.888000000000000	18.671679999999999
0.889000000000000	18.608276000000000
0.890000000000000	18.540088000000001
0.891000000000000	18.469507000000000
0.892000000000000	18.355858999999999
0.893000000000000	18.297241000000000
0.894000000000000	18.257764000000002
0.895000000000000	18.166846000000000
0.896000000000000	18.095068000000001
0.897000000000000	18.034058000000002
0.898000000000000	17.959887999999999
0.899000000000000	17.903662000000001
0.900000000000000	17.865380999999999
0.901000000000000	17.824707000000000
0.902000000000000	17.752929999999999
0.903000000000000	17.688330000000001
0.904000000000000	17.589037999999999
0.905000000000000	17.545971999999999
0.906000000000000	17.475390999999998
0.907000000000000	17.397632000000002
0.908000000000000	17.361743000000001
0.909000000000000	17.287572999999998
0.910000000000000	17.208618000000001
0.911000000000000	17.085400000000000
0.912000000000000	17.062671000000002
0.913000000000000	17.029174999999999
0.914000000000000	16.978930999999999
0.915000000000000	16.886816000000000
0.916000000000000	16.855713000000002
0.917000000000000	16.821020999999998
0.918000000000000	16.768384000000001
0.919000000000000	16.673877000000001
0.920000000000000	16.663110000000000
0.921000000000000	16.574584999999999
0.922000000000000	16.538696000000002
0.923000000000000	16.470507999999999
0.924000000000000	16.423853000000001
0.925000000000000	16.329346000000001
0.926000000000000	16.274315999999999
0.927000000000000	16.233643000000001
0.928000000000000	16.151098999999999
0.929000000000000	16.117602999999999
0.930000000000000	16.049413999999999
0.931000000000000	16.030273000000001
0.932000000000000	15.947728999999999
0.933000000000000	15.925000000000001
0.934000000000000	15.913036999999999
0.935000000000000	15.889111000000000
0.936000000000000	15.826903999999999
0.937000000000000	15.764697000000000
0.938000000000000	15.713256999999999
0.939000000000000	15.672582999999999
0.940000000000000	15.647461000000000
0.941000000000000	15.593628000000002
0.942000000000000	15.531421000000000
0.943000000000000	15.483568999999999
0.944000000000000	15.452465999999999
0.945000000000000	15.412988000000000
0.946000000000000	15.391455000000001
0.947000000000000	15.368726000000001
0.948000000000000	15.331640999999999
0.949000000000000	15.351977999999999
0.950000000000000	15.280200000000001
0.951000000000000	15.296948000000002
0.952000000000000	15.304126000000000
0.953000000000000	15.257471000000001
0.954000000000000	15.276611000000003
0.955000000000000	15.221582000000000
0.956000000000000	15.212012000000000
0.957000000000000	15.232348999999999
0.958000000000000	15.200049000000000
0.959000000000000	15.173730000000001
0.960000000000000	15.155786000000003
0.961000000000000	15.141431000000001
0.962000000000000	15.141431000000001
0.963000000000000	15.133056999999999
0.964000000000000	15.121093999999999
0.965000000000000	15.123486000000000
0.966000000000000	15.119897000000002
0.967000000000000	15.125879000000001
0.968000000000000	15.106738000000000
0.969000000000000	15.101953000000000
0.970000000000000	15.122290000000000
0.971000000000000	15.111522999999998
0.972000000000000	15.127075000000000
0.973000000000000	15.141431000000001
0.974000000000000	15.146216000000001
0.975000000000000	15.091187000000000
0.976000000000000	15.051709000000001
0.977000000000000	15.087598000000000
0.978000000000000	15.079224000000000
0.979000000000000	15.115112000000000
0.980000000000000	15.117504999999998
0.981000000000000	15.109131000000000
0.982000000000000	15.143822999999999
0.983000000000000	15.182104000000001
0.984000000000000	15.184497000000000
0.985000000000000	15.231152000000000
0.986000000000000	15.265845000000001
0.987000000000000	15.304126000000000
0.988000000000000	15.329248000000000
0.989000000000000	15.355566000000000
0.990000000000000	15.386670000000001
0.991000000000000	15.410596000000000
0.992000000000000	15.426147000000000
0.993000000000000	15.446484000000000
0.994000000000000	15.450073000000000
0.995000000000000	15.520654000000000
0.996000000000000	15.494336000000002
0.997000000000000	15.599608999999997
0.998000000000000	15.628319999999999
0.999000000000000	15.652246000000000
1.000000000000000	15.674975999999999
1.001000000000000	15.722827000000001
1.002000000000000	15.758716000000000
1.003000000000000	15.804175000000001
1.004000000000000	15.852026000000000
1.005000000000000	15.904662999999999
1.006000000000000	15.960889000000002
1.007000000000000	15.984814000000000
1.008000000000000	16.038647000000001
1.009000000000000	16.074535999999998
1.010000000000000	16.121191000000000
1.011000000000000	16.153490999999999
1.012000000000000	16.213305999999999
1.013000000000000	16.298241999999998
1.014000000000000	16.317383000000000
1.015000000000000	16.347290000000001
1.016000000000000	16.427441000000002
1.017000000000000	16.507593000000000
1.018000000000000	16.543481000000000
1.019000000000000	16.623633000000002
1.020000000000000	16.653540000000000
1.021000000000000	16.678661999999999
1.022000000000000	16.764794999999999
1.023000000000000	16.815038999999999
1.024000000000000	16.855713000000002
1.025000000000000	16.861694000000000
1.026000000000000	16.937061000000000
1.027000000000000	16.977734000000002
1.028000000000000	16.999268000000001
1.029000000000000	17.047118999999999
1.030000000000000	17.092578000000000
1.031000000000000	17.133251999999999
1.032000000000000	17.148803999999998
1.033000000000000	17.207422000000001
1.034000000000000	17.248096000000000
1.035000000000000	17.275610000000000
1.036000000000000	17.327051000000001
1.037000000000000	17.346191000000001
1.038000000000000	17.371313000000001
1.039000000000000	17.380883999999998
1.040000000000000	17.389258000000002
1.041000000000000	17.396436000000001
1.042000000000000	17.383275999999999
1.043000000000000	17.368921000000000
1.044000000000000	17.392847000000000
1.045000000000000	17.364135999999998
1.046000000000000	17.377295000000000
1.047000000000000	17.378491000000000
1.048000000000000	17.383275999999999
1.049000000000000	17.394043000000000
1.050000000000000	17.406006000000001
1.051000000000000	17.440698000000001
1.052000000000000	17.468212999999999
1.053000000000000	17.511278999999998
1.054000000000000	17.512475999999999
1.055000000000000	17.556737999999999
1.056000000000000	17.630908000000002
1.057000000000000	17.654834000000001
1.058000000000000	17.648852999999999
1.059000000000000	17.687134000000000
1.060000000000000	17.696704000000000
1.061000000000000	17.714648000000000
1.062000000000000	17.742163000000001
1.063000000000000	17.773267000000001
1.064000000000000	17.790015000000000
1.065000000000000	17.790015000000000
1.066000000000000	17.821117999999998
1.067000000000000	17.829491999999998
1.068000000000000	17.872558999999999
1.069000000000000	17.870166000000001
1.070000000000000	17.935962000000000
1.071000000000000	17.934766000000000
1.072000000000000	17.977831999999999
1.073000000000000	17.993383999999999
1.074000000000000	17.983813000000001
1.075000000000000	17.992187999999999
1.076000000000000	18.043627999999998
1.077000000000000	18.047217000000000
1.078000000000000	18.029271999999999
1.079000000000000	18.054395000000000
1.080000000000000	18.055591000000000
1.081000000000000	18.099854000000001
1.082000000000000	18.123778999999999
1.083000000000000	18.164453000000002
1.084000000000000	18.238623000000000
1.085000000000000	18.220679000000001
1.086000000000000	18.241015999999998
1.087000000000000	18.300830000000001
1.088000000000000	18.335522000000001
1.089000000000000	18.367822000000000
1.090000000000000	18.391748000000000
1.091000000000000	18.418066000000000
1.092000000000000	18.419263000000001
1.093000000000000	18.441991999999999
1.094000000000000	18.444385000000000
1.095000000000000	18.499414000000002
1.096000000000000	18.524536000000001
1.097000000000000	18.531714000000001
1.098000000000000	18.548462000000001
1.099000000000000	18.583154000000000
1.100000000000000	18.633398000000000
1.101000000000000	18.617847000000001
1.102000000000000	18.671679999999999
1.103000000000000	18.675269000000000
1.104000000000000	18.670483000000001
1.105000000000000	18.680053999999998
1.106000000000000	18.703979000000000
1.107000000000000	18.727905000000000
1.108000000000000	18.706372000000002
1.109000000000000	18.706372000000002
1.110000000000000	18.739868000000001
1.111000000000000	18.726709000000000
1.112000000000000	18.743456999999999
1.113000000000000	18.772168000000001
1.114000000000000	18.772168000000001
1.115000000000000	18.737476000000001
1.116000000000000	18.769774999999999
1.117000000000000	18.727905000000000
1.118000000000000	18.733886999999999
1.119000000000000	18.699193999999999
1.120000000000000	18.653735000000001
1.121000000000000	18.645361000000001
1.122000000000000	18.585546999999998
1.123000000000000	18.541284000000001
1.124000000000000	18.477881000000000
1.125000000000000	18.384570000000000
1.126000000000000	18.372606999999999
1.127000000000000	18.305615000000000
1.128000000000000	18.255371000000000
1.129000000000000	18.200341999999999
1.130000000000000	18.175219999999999
1.131000000000000	18.136938000000001
1.132000000000000	18.084302000000001
1.133000000000000	18.030469000000000
1.134000000000000	18.006543000000001
1.135000000000000	17.970654000000000
1.136000000000000	17.929980000000000
1.137000000000000	17.857006999999999
1.138000000000000	17.821117999999998
1.139000000000000	17.761303999999999
1.140000000000000	17.724219000000002
1.141000000000000	17.664404000000001
1.142000000000000	17.624927000000000
1.143000000000000	17.589037999999999
1.144000000000000	17.507690000000000
1.145000000000000	17.500513000000002
1.146000000000000	17.474194000000001
1.147000000000000	17.428735000000000
1.148000000000000	17.391649999999998
1.149000000000000	17.371313000000001
1.150000000000000	17.348583999999999
1.151000000000000	17.316284000000000
1.152000000000000	17.282788000000000
1.153000000000000	17.273218000000000
1.154000000000000	17.245702999999999
1.155000000000000	17.224170000000001
1.156000000000000	17.170337000000000
1.157000000000000	17.171533000000000
1.158000000000000	17.157177999999998
1.159000000000000	17.127271000000000
1.160000000000000	17.072241000000002
1.161000000000000	17.048314999999999
1.162000000000000	17.042334000000000
1.163000000000000	17.029174999999999
1.164000000000000	17.006444999999999
1.165000000000000	17.004052999999999
1.166000000000000	16.989697000000000
1.167000000000000	16.994482000000001
1.168000000000000	17.000464000000001
1.169000000000000	16.980127000000000
1.170000000000000	17.004052999999999
1.171000000000000	16.935863999999999
1.172000000000000	16.946631000000000
1.173000000000000	16.974146000000001
1.174000000000000	16.980127000000000
1.175000000000000	16.965771000000000
1.176000000000000	16.927489999999999
1.177000000000000	16.963379000000000
1.178000000000000	16.950220000000002
1.179000000000000	16.951415999999998
1.180000000000000	16.949023000000000
1.181000000000000	16.993286000000001
1.182000000000000	16.951415999999998
1.183000000000000	16.965771000000000
1.184000000000000	16.998070999999999
1.185000000000000	17.011230000000001
1.186000000000000	17.013622999999999
1.187000000000000	17.019604000000001
1.188000000000000	17.054296999999998
1.189000000000000	17.074634000000000
1.190000000000000	17.068652000000000
1.191000000000000	17.097363000000001
1.192000000000000	17.054296999999998
1.193000000000000	17.100951999999999
1.194000000000000	17.111719000000001
1.195000000000000	17.133251999999999
1.196000000000000	17.146411000000001
1.197000000000000	17.157177999999998
1.198000000000000	17.155981000000001
1.199000000000000	17.207422000000001
1.200000000000000	17.202636999999999
1.201000000000000	17.266040000000000
1.202000000000000	17.275610000000000
1.203000000000000	17.315087999999999
1.204000000000000	17.339013999999999
1.205000000000000	17.342603000000000
1.206000000000000	17.400023999999998
1.207000000000000	17.426342999999999
1.208000000000000	17.475390999999998
1.209000000000000	17.480176000000000
1.210000000000000	17.508887000000001
1.211000000000000	17.532813000000001
1.212000000000000	17.547167999999999
1.213000000000000	17.572289999999999
1.214000000000000	17.618945000000000
1.215000000000000	17.638086000000001
1.216000000000000	17.683544999999999
1.217000000000000	17.706274000000001
1.218000000000000	17.739771000000001
1.219000000000000	17.815137000000000
1.220000000000000	17.830687999999999
1.221000000000000	17.885718000000001
1.222000000000000	17.894092000000001
1.223000000000000	17.994579999999999
1.224000000000000	18.044823999999998
1.225000000000000	18.116602000000000
1.226000000000000	18.141724000000000
1.227000000000000	18.227855999999999
1.228000000000000	18.293652000000002
1.229000000000000	18.367822000000000
1.230000000000000	18.409692000000000
1.231000000000000	18.495825000000000
1.232000000000000	18.597510000000000
1.233000000000000	18.619043000000001
1.234000000000000	18.695605000000000
1.235000000000000	18.756616000000001
1.236000000000000	18.846337999999999
1.237000000000000	18.883423000000001
1.238000000000000	18.927686000000001
1.239000000000000	18.954004000000001
1.240000000000000	18.973144999999999
1.241000000000000	19.006640999999998
1.242000000000000	19.010228999999999
1.243000000000000	19.004248000000000
1.244000000000000	19.070043999999999
1.245000000000000	19.058081000000001
1.246000000000000	19.139429000000000
1.247000000000000	19.170532000000001
1.248000000000000	19.162158000000002
1.249000000000000	19.215990999999999
1.250000000000000	19.262646000000000
1.251000000000000	19.308105000000001
1.252000000000000	19.394238000000001
1.253000000000000	19.415770999999999
1.254000000000000	19.433716000000000
1.255000000000000	19.487549000000001
1.256000000000000	19.543773999999999
1.257000000000000	19.583252000000002
1.258000000000000	19.627514999999999
1.259000000000000	19.689722000000000
1.260000000000000	19.692114000000000
1.261000000000000	19.681348000000000
1.262000000000000	19.751929000000001
1.263000000000000	19.806958000000002
1.264000000000000	19.824902000000002
1.265000000000000	19.872754000000000
1.266000000000000	19.936157000000001
1.267000000000000	19.992383000000000
1.268000000000000	20.054590000000001
1.269000000000000	20.070142000000001
1.270000000000000	20.149097000000001
1.271000000000000	20.183789000000001
1.272000000000000	20.273510999999999
1.273000000000000	20.301024999999999
1.274000000000000	20.342896000000000
1.275000000000000	20.393139999999999
1.276000000000000	20.437401999999999
1.277000000000000	20.472094999999999
1.278000000000000	20.553442000000000
1.279000000000000	20.596509000000001
1.280000000000000	20.626415999999999
1.281000000000000	20.651537999999999
1.282000000000000	20.701782000000001
1.283000000000000	20.777148000000000
1.284000000000000	20.808252000000000
1.285000000000000	20.842943999999999
1.286000000000000	20.889600000000002
1.287000000000000	20.880029000000000
1.288000000000000	20.947020999999999
1.289000000000000	20.993677000000002
1.290000000000000	21.025977000000001
1.291000000000000	21.071435999999999
1.292000000000000	21.047509999999999
1.293000000000000	21.095361000000000
1.294000000000000	21.161156999999999
1.295000000000000	21.201830999999999
1.296000000000000	21.211400999999999
1.297000000000000	21.256860000000000
1.298000000000000	21.316675000000000
1.299000000000000	21.369312000000001
1.300000000000000	21.392040999999999
1.301000000000000	21.417162999999999
1.302000000000000	21.478173999999999
1.303000000000000	21.465015000000001
1.304000000000000	21.491333000000001
1.305000000000000	21.492529000000001
1.306000000000000	21.510473999999999
1.307000000000000	21.496117999999999
1.308000000000000	21.494921999999999
1.309000000000000	21.511669999999999
1.310000000000000	21.504491999999999
1.311000000000000	21.475781000000001
1.312000000000000	21.462622000000000
1.313000000000000	21.450659000000002
1.314000000000000	21.450659000000002
1.315000000000000	21.402808000000000
1.316000000000000	21.394434000000000
1.317000000000000	21.382470999999999
1.318000000000000	21.399218999999999
1.319000000000000	21.337012000000001
1.320000000000000	21.303515999999998
1.321000000000000	21.291553000000000
1.322000000000000	21.265234000000000
1.323000000000000	21.220972000000000
1.324000000000000	21.173120000000001
1.325000000000000	21.078613000000001
1.326000000000000	21.034351000000001
1.327000000000000	20.979320999999999
1.328000000000000	20.914722000000001
1.329000000000000	20.887207000000000
1.330000000000000	20.744848999999999
1.331000000000000	20.707764000000001
1.332000000000000	20.649145999999998
1.333000000000000	20.537890999999998
1.334000000000000	20.467310000000001
1.335000000000000	20.405103000000000
1.336000000000000	20.339307000000002
1.337000000000000	20.275903000000000
1.338000000000000	20.188573999999999
1.339000000000000	20.113208000000000
1.340000000000000	20.074926999999999
1.341000000000000	19.997167999999999
1.342000000000000	19.920604999999998
1.343000000000000	19.872754000000000
1.344000000000000	19.839258000000001
1.345000000000000	19.777051000000000
1.346000000000000	19.716040000000000
1.347000000000000	19.651440000000001
1.348000000000000	19.646654999999999
1.349000000000000	19.576073999999998
1.350000000000000	19.566503999999998
1.351000000000000	19.507885999999999
1.352000000000000	19.503101000000001
1.353000000000000	19.410986000000001
1.354000000000000	19.360741999999998
1.355000000000000	19.277002000000000
1.356000000000000	19.225562000000000
1.357000000000000	19.150195000000000
1.358000000000000	19.055688000000000
1.359000000000000	18.927686000000001
1.360000000000000	18.849927000000001
1.361000000000000	18.756616000000001
1.362000000000000	18.654931999999999
1.363000000000000	18.547266000000000
1.364000000000000	18.504199000000000
1.365000000000000	18.383374000000000
1.366000000000000	18.322362999999999
1.367000000000000	18.246997000000000
1.368000000000000	18.195557000000001
1.369000000000000	18.133350000000000
1.370000000000000	18.053197999999998
1.371000000000000	17.987401999999999
1.372000000000000	17.932372999999998
1.373000000000000	17.876147000000000
1.374000000000000	17.822313999999999
1.375000000000000	17.742163000000001
1.376000000000000	17.666796999999999
1.377000000000000	17.569897000000001
1.378000000000000	17.532813000000001
1.379000000000000	17.439502000000001
1.380000000000000	17.397632000000002
1.381000000000000	17.328247000000001
1.382000000000000	17.295947000000002
1.383000000000000	17.243310999999999
1.384000000000000	17.196655000000000
1.385000000000000	17.151195999999999
1.386000000000000	17.117699999999999
1.387000000000000	17.032764000000000
1.388000000000000	16.995678999999999
1.389000000000000	16.972949000000000
1.390000000000000	16.919115999999999
1.391000000000000	16.852124000000000
1.392000000000000	16.835376000000000
1.393000000000000	16.761206000000001
1.394000000000000	16.690625000000001
1.395000000000000	16.700195000000001
1.396000000000000	16.639185000000001
1.397000000000000	16.605688000000001
1.398000000000000	16.593726000000000
1.399000000000000	16.567406999999999
1.400000000000000	16.556640999999999
1.401000000000000	16.551855000000000
1.402000000000000	16.551855000000000
1.403000000000000	16.505199999999999
1.404000000000000	16.537500000000001
1.405000000000000	16.523145000000000
1.406000000000000	16.498021999999999
1.407000000000000	16.563818000000001
1.408000000000000	16.551855000000000
1.409000000000000	16.537500000000001
1.410000000000000	16.543481000000000
1.411000000000000	16.557836999999999
1.412000000000000	16.561426000000001
1.413000000000000	16.594922000000000
1.414000000000000	16.603296000000000
1.415000000000000	16.616454999999998
1.416000000000000	16.623633000000002
1.417000000000000	16.651147000000002
1.418000000000000	16.681055000000001
1.419000000000000	16.689429000000001
1.420000000000000	16.714551000000000
1.421000000000000	16.707373000000000
1.422000000000000	16.760010000000001
1.423000000000000	16.789916999999999
1.424000000000000	16.786328000000001
1.425000000000000	16.791112999999999
1.426000000000000	16.799486999999999
1.427000000000000	16.830590999999998
1.428000000000000	16.838965000000002
1.429000000000000	16.886816000000000
1.430000000000000	16.882031000000001
1.431000000000000	16.905957000000001
1.432000000000000	16.935863999999999
1.433000000000000	16.993286000000001
1.434000000000000	17.047118999999999
1.435000000000000	17.091381999999999
1.436000000000000	17.138037000000001
1.437000000000000	17.208618000000001
1.438000000000000	17.295947000000002
1.439000000000000	17.385669000000000
1.440000000000000	17.457446000000001
1.441000000000000	17.551953000000001
1.442000000000000	17.590233999999999
1.443000000000000	17.652441000000000
1.444000000000000	17.721826000000000
1.445000000000000	17.791211000000001
1.446000000000000	17.884520999999999
1.447000000000000	17.944336000000000
1.448000000000000	17.990991000000001
1.449000000000000	18.089086999999999
1.450000000000000	18.153687000000001
1.451000000000000	18.217089999999999
1.452000000000000	18.300830000000001
1.453000000000000	18.380980999999998
1.454000000000000	18.441991999999999
1.455000000000000	18.514966000000001
1.456000000000000	18.602295000000002
1.457000000000000	18.677661000000001
1.458000000000000	18.776952999999999
1.459000000000000	18.823608000000000
1.460000000000000	18.930078000000002
1.461000000000000	19.037744000000000
1.462000000000000	19.138231999999999
1.463000000000000	19.188476999999999
1.464000000000000	19.303319999999999
1.465000000000000	19.418164000000001
1.466000000000000	19.537793000000001
1.467000000000000	19.629906999999999
1.468000000000000	19.789014000000002
1.469000000000000	19.915820000000000
1.470000000000000	20.006737999999999
1.471000000000000	20.117992999999998
1.472000000000000	20.273510999999999
1.473000000000000	20.341698999999998
1.474000000000000	20.462523999999998
1.475000000000000	20.585742000000000
1.476000000000000	20.694604000000002
1.477000000000000	20.805859000000002
1.478000000000000	20.945824999999999
1.479000000000000	21.042725000000001
1.480000000000000	21.130054000000001
1.481000000000000	21.250879000000001
1.482000000000000	21.347778000000002
1.483000000000000	21.467407000000001
1.484000000000000	21.613354000000001
1.485000000000000	21.652832000000000
1.486000000000000	21.776050000000001
1.487000000000000	21.820312000000001
1.488000000000000	21.865770999999999
1.489000000000000	21.933959999999999
1.490000000000000	21.963867000000000
1.491000000000000	21.992578000000002
1.492000000000000	22.033252000000001
1.493000000000000	22.040430000000001
1.494000000000000	22.061962999999999
1.495000000000000	22.113403000000002
1.496000000000000	22.156469999999999
1.497000000000000	22.210303000000000
1.498000000000000	22.234228999999999
1.499000000000000	22.288062000000000
1.500000000000000	22.314380000000000
1.501000000000000	22.358643000000001
1.502000000000000	22.355053999999999
1.503000000000000	22.395727999999998
1.504000000000000	22.439990000000002
1.505000000000000	22.483056999999999
1.506000000000000	22.468700999999999
1.507000000000000	22.502196999999999
1.508000000000000	22.481860000000001
1.509000000000000	22.492626999999999
1.510000000000000	22.487842000000001
1.511000000000000	22.479468000000001
1.512000000000000	22.490234000000001
1.513000000000000	22.441186999999999
1.514000000000000	22.442383000000000
1.515000000000000	22.455542000000001
1.516000000000000	22.431616000000002
1.517000000000000	22.405297999999998
1.518000000000000	22.390941999999999
1.519000000000000	22.384961000000001
1.520000000000000	22.320360999999998
1.521000000000000	22.278490999999999
1.522000000000000	22.253368999999999
1.523000000000000	22.199535999999998
1.524000000000000	22.155273000000001
1.525000000000000	22.089478000000000
1.526000000000000	21.978223000000000
1.527000000000000	21.913623000000001
1.528000000000000	21.866968000000000
1.529000000000000	21.731787000000001
1.530000000000000	21.691113000000001
1.531000000000000	21.590624999999999
1.532000000000000	21.506885000000000
1.533000000000000	21.393236999999999
1.534000000000000	21.266431000000001
1.535000000000000	21.182690000000001
1.536000000000000	21.057079999999999
1.537000000000000	20.935058999999999
1.538000000000000	20.820215000000001
1.539000000000000	20.668285999999998
1.540000000000000	20.547460999999998
1.541000000000000	20.431421000000000
1.542000000000000	20.243604000000001
1.543000000000000	20.103638000000000
1.544000000000000	19.967261000000001
1.545000000000000	19.822510000000001
1.546000000000000	19.657422000000000
1.547000000000000	19.507885999999999
1.548000000000000	19.358350000000002
1.549000000000000	19.208812999999999
1.550000000000000	19.079613999999999
1.551000000000000	18.903759999999998
1.552000000000000	18.744653000000000
1.553000000000000	18.565210000000000
1.554000000000000	18.396533000000002
1.555000000000000	18.233837999999999
1.556000000000000	18.071142999999999
1.557000000000000	17.898876999999999
1.558000000000000	17.757715000000001
1.559000000000000	17.575879000000000
1.560000000000000	17.371313000000001
1.561000000000000	17.218188000000001
1.562000000000000	17.037548999999999
1.563000000000000	16.876049999999999
1.564000000000000	16.710961999999999
1.565000000000000	16.525537000000000
1.566000000000000	16.383178999999998
1.567000000000000	16.238427999999999
1.568000000000000	16.057787999999999
1.569000000000000	15.880737000000000
1.570000000000000	15.697704999999997
1.571000000000000	15.479980000000001
1.572000000000000	15.258667000000001
1.573000000000000	15.081616000000000
1.574000000000000	14.823218000000001
1.575000000000000	14.606688999999999
1.576000000000000	14.366235000000000
1.577000000000000	14.167650999999999
1.578000000000000	13.909253000000000
1.579000000000000	13.715453999999999
1.580000000000000	13.446289000000000
1.581000000000000	13.250098000000001
1.582000000000000	13.013232000000000
1.583000000000000	12.830200000000000
1.584000000000000	12.641186999999999
1.585000000000000	12.444995000000002
1.586000000000000	12.247607000000002
1.587000000000000	12.086107999999999
1.588000000000000	11.869579999999997
1.589000000000000	11.685351999999998
1.590000000000000	11.526244999999999
1.591000000000000	11.298950000000000
1.592000000000000	11.088403000000000
1.593000000000000	10.928101000000000
1.594000000000000	10.753442000000000
1.595000000000000	10.563231999999999
1.596000000000000	10.382593000000000
1.597000000000000	10.198364000000000
1.598000000000000	10.040454000000000
1.599000000000000	9.882543999999999
1.600000000000000	9.744971000000000
1.601000000000000	9.577489999999999
1.602000000000000	9.429150000000000
1.603000000000000	9.282007000000000
1.604000000000000	9.136060000000001
1.605000000000000	8.957813000000000
1.606000000000000	8.822632000000001
1.607000000000000	8.689844000000001
1.608000000000000	8.554663000000000
1.609000000000000	8.365648999999999
1.610000000000000	8.244824000000000
1.611000000000000	8.085718000000000
1.612000000000000	7.969678000000001
1.613000000000000	7.852441000000000
1.614000000000000	7.680176000000001
1.615000000000000	7.562939000000000
1.616000000000000	7.463647000000000
1.617000000000000	7.333252000000000
1.618000000000000	7.207642000000000
1.619000000000000	7.108350000000000
1.620000000000000	6.991113000000001
1.621000000000000	6.896606000000000
1.622000000000000	6.779370000000000
1.623000000000000	6.651367000000000
1.624000000000000	6.520972000000000
1.625000000000000	6.462354000000001
1.626000000000000	6.306836000000001
1.627000000000000	6.220703000000000
1.628000000000000	6.135767000000000
1.629000000000000	6.011353000000000
1.630000000000000	5.913256999999999
1.631000000000000	5.836694000000001
1.632000000000000	5.746973000000001
1.633000000000000	5.648877000000000
1.634000000000000	5.528052000000000
1.635000000000000	5.514893000000000
1.636000000000000	5.421582000000000
1.637000000000000	5.340234000000000
1.638000000000000	5.232568000000000
1.639000000000000	5.167969000000000
1.640000000000000	5.083032000000000
1.641000000000000	4.983740000000000
1.642000000000000	4.908374000000000
1.643000000000000	4.834204000000000
1.644000000000000	4.757642000000000
1.645000000000000	4.713379000000000
1.646000000000000	4.630835000000000
1.647000000000000	4.548291000000000
1.648000000000000	4.471729000000000
1.649000000000000	4.445410000000000
1.650000000000000	4.364063000000000
1.651000000000000	4.289893000000000
1.652000000000000	4.264771000000000
1.653000000000000	4.206152000000000
1.654000000000000	4.118823000000000
1.655000000000000	4.088916000000000
1.656000000000000	4.014746000000000
1.657000000000000	3.962109000000000
1.658000000000000	3.878369000000000
1.659000000000000	3.878369000000000
1.660000000000000	3.798218000000000
1.661000000000000	3.714478000000000
1.662000000000000	3.622363000000000
1.663000000000000	3.625952000000000
1.664000000000000	3.592456000000000
1.665000000000000	3.512305000000000
1.666000000000000	3.454883000000000
1.667000000000000	3.439331000000000
1.668000000000000	3.395068000000001
1.669000000000000	3.359180000000000
1.670000000000000	3.306543000000000
1.671000000000000	3.252710000000000
1.672000000000000	3.201270000000000
1.673000000000000	3.173755000000000
1.674000000000000	3.115137000000000
1.675000000000000	3.061304000000000
1.676000000000000	3.001488999999999
1.677000000000000	2.954834000000000
1.678000000000000	2.885449000000000
1.679000000000000	2.874683000000000
1.680000000000000	2.810083000000000
1.681000000000000	2.755054000000000
1.682000000000000	2.726343000000000
1.683000000000000	2.660547000000000
1.684000000000000	2.674902000000000
1.685000000000000	2.597144000000000
1.686000000000000	2.558862000000000
1.687000000000000	2.494263000000000
1.688000000000000	2.459570000000000
1.689000000000000	2.441626000000000
1.690000000000000	2.392578000000000
1.691000000000000	2.387793000000000
1.692000000000000	2.318408000000000
1.693000000000000	2.244238000000000
1.694000000000000	2.227490000000000
1.695000000000000	2.192798000000000
1.696000000000000	2.149731000000000
1.697000000000000	2.113843000000000
1.698000000000000	2.093506000000000
1.699000000000000	2.044458000000000
1.700000000000000	2.014551000000000
1.701000000000000	2.000195000000000
1.702000000000000	2.003784000000000
1.703000000000000	1.939185000000000
1.704000000000000	1.879370000000000
1.705000000000000	1.853052000000000
1.706000000000000	1.807593000000000
1.707000000000000	1.766919000000000
1.708000000000000	1.738208000000000
1.709000000000000	1.692749000000000
1.710000000000000	1.662842000000000
1.711000000000000	1.594653000000000
1.712000000000000	1.591064000000000
1.713000000000000	1.549194000000000
1.714000000000000	1.512109000000000
1.715000000000000	1.483398000000000
1.716000000000000	1.481006000000000
1.717000000000000	1.442725000000000
1.718000000000000	1.417603000000000
1.719000000000000	1.391284000000000
1.720000000000000	1.375732000000000
1.721000000000000	1.314722000000000
1.722000000000000	1.296777000000000
1.723000000000000	1.295581000000000
1.724000000000000	1.199878000000000
1.725000000000000	1.185522000000000
1.726000000000000	1.148438000000000
1.727000000000000	1.104175000000000
1.728000000000000	1.070679000000000
1.729000000000000	1.068286000000000
1.730000000000000	1.039575000000000
1.731000000000000	0.978564000000000
1.732000000000000	0.977368000000000
1.733000000000000	0.930713000000000
1.734000000000000	0.940283000000000
1.735000000000000	0.931909000000000
1.736000000000000	0.891235000000000
1.737000000000000	0.857739000000000
1.738000000000000	0.825439000000000
1.739000000000000	0.802710000000000
1.740000000000000	0.782373000000000
1.741000000000000	0.752466000000000
1.742000000000000	0.728540000000000
1.743000000000000	0.665137000000000
1.744000000000000	0.654370000000000
1.745000000000000	0.644800000000000
1.746000000000000	0.640015000000000
1.747000000000000	0.635229000000000
1.748000000000000	0.594556000000000
1.749000000000000	0.586182000000000
1.750000000000000	0.589771000000000
1.751000000000000	0.547900000000000
1.752000000000000	0.525171000000000
1.753000000000000	0.527563000000000
1.754000000000000	0.492871000000000
1.755000000000000	0.494067000000000
1.756000000000000	0.484497000000000
1.757000000000000	0.435449000000000
1.758000000000000	0.453394000000000
1.759000000000000	0.376831000000000
1.760000000000000	0.389990000000000
1.761000000000000	0.360083000000000
1.762000000000000	0.378027000000000
1.763000000000000	0.345728000000000
1.764000000000000	0.354102000000000
1.765000000000000	0.332568000000000
1.766000000000000	0.331372000000000
1.767000000000000	0.319409000000000
1.768000000000000	0.299072000000000
1.769000000000000	0.301465000000000
1.770000000000000	0.299072000000000
1.771000000000000	0.269165000000000
1.772000000000000	0.272754000000000
1.773000000000000	0.257202000000000
1.774000000000000	0.256006000000000
1.775000000000000	0.229688000000000
1.776000000000000	0.186621000000000
1.777000000000000	0.199780000000000
1.778000000000000	0.202173000000000
1.779000000000000	0.209351000000000
1.780000000000000	0.203369000000000
1.781000000000000	0.179443000000000
1.782000000000000	0.178247000000000
1.783000000000000	0.190210000000000
1.784000000000000	0.159106000000000
1.785000000000000	0.155518000000000
1.786000000000000	0.160303000000000
1.787000000000000	0.162695000000000
1.788000000000000	0.163892000000000
1.789000000000000	0.145947000000000
1.790000000000000	0.153125000000000
1.791000000000000	0.118433000000000
1.792000000000000	0.129199000000000
1.793000000000000	0.116040000000000
1.794000000000000	0.077759000000000
1.795000000000000	0.095703000000000
1.796000000000000	0.106470000000000
1.797000000000000	0.095703000000000
1.798000000000000	0.110059000000000
1.799000000000000	0.086133000000000
1.800000000000000	0.094507000000000
1.801000000000000	0.128003000000000
1.802000000000000	0.083740000000000
1.803000000000000	0.101685000000000
1.804000000000000	0.069385000000000
1.805000000000000	0.090918000000000
1.806000000000000	0.086133000000000
1.807000000000000	0.066992000000000
1.808000000000000	0.088525000000000
1.809000000000000	0.076563000000000
1.810000000000000	0.056226000000000
1.811000000000000	0.055029000000000
1.812000000000000	0.063403000000000
1.813000000000000	0.041870000000000
1.814000000000000	0.010767000000000
1.815000000000000	0.059814000000000
1.816000000000000	0.025122000000000
1.817000000000000	0.066992000000000
1.818000000000000	0.062207000000000
1.819000000000000	0.046655000000000
1.820000000000000	0.061011000000000
1.821000000000000	0.000000000000000
1.822000000000000	0.051440000000000
1.823000000000000	0.066992000000000
1.824000000000000	0.069385000000000
1.825000000000000	0.008374000000000
1.826000000000000	0.011963000000000
1.827000000000000	0.025122000000000
1.828000000000000	0.019141000000000
1.829000000000000	0.000000000000000
1.830000000000000	0.000000000000000
1.831000000000000	0.000000000000000
1.832000000000000	0.008374000000000
1.833000000000000	0.016748000000000
1.834000000000000	0.013159000000000
1.835000000000000	0.033496000000000
1.836000000000000	0.009570000000000
1.837000000000000	0.007178000000000
1.838000000000000	0.002393000000000
1.839000000000000	0.032300000000000
1.840000000000000	0.056226000000000
1.841000000000000	0.009570000000000
1.842000000000000	0.014355000000000
1.843000000000000	0.011963000000000
1.844000000000000	0.000000000000000
1.845000000000000	0.037085000000000
1.846000000000000	0.000000000000000
1.847000000000000	0.001196000000000
1.848000000000000	0.000000000000000
1.849000000000000	0.009570000000000
1.850000000000000	0.007178000000000
1.851000000000000	0.022729000000000
1.852000000000000	0.011963000000000
1.853000000000000	0.045459000000000
1.854000000000000	0.034692000000000
1.855000000000000	0.028711000000000
1.856000000000000	0.000000000000000
1.857000000000000	0.000000000000000
1.858000000000000	0.023926000000000
1.859000000000000	0.000000000000000
1.860000000000000	0.003589000000000
1.861000000000000	0.003589000000000
1.862000000000000	0.000000000000000
1.863000000000000	0.000000000000000
1.864000000000000	0.000000000000000
1.865000000000000	0.014355000000000
1.866000000000000	0.000000000000000
1.867000000000000	0.025122000000000
1.868000000000000	0.007178000000000
1.869000000000000	0.004785000000000
1.870000000000000	0.015552000000000
1.871000000000000	0.000000000000000
1.872000000000000	0.007178000000000
1.873000000000000	0.005981000000000
1.874000000000000	0.000000000000000
1.875000000000000	0.000000000000000
1.876000000000000	0.000000000000000
1.877000000000000	0.000000000000000
1.878000000000000	0.000000000000000
1.879000000000000	0.000000000000000
1.880000000000000	0.003589000000000
1.881000000000000	0.000000000000000
1.882000000000000	0.000000000000000
1.883000000000000	0.001196000000000
1.884000000000000	0.005981000000000
1.885000000000000	0.007178000000000
1.886000000000000	0.026318000000000
1.887000000000000	0.000000000000000
1.888000000000000	0.007178000000000
1.889000000000000	0.000000000000000
1.890000000000000	0.010767000000000
1.891000000000000	0.028711000000000
1.892000000000000	0.000000000000000
1.893000000000000	0.000000000000000
1.894000000000000	0.000000000000000
1.895000000000000	0.000000000000000
1.896000000000000	0.000000000000000
1.897000000000000	0.000000000000000
1.898000000000000	0.000000000000000
1.899000000000000	0.020337000000000
1.900000000000000	0.016748000000000
1.901000000000000	0.038281000000000
1.902000000000000	0.000000000000000
1.903000000000000	0.022729000000000
1.904000000000000	0.011963000000000
1.905000000000000	0.014355000000000
1.906000000000000	0.017944000000000
1.907000000000000	0.000000000000000
1.908000000000000	0.000000000000000
1.909000000000000	0.000000000000000
1.910000000000000	0.000000000000000
1.911000000000000	0.000000000000000
1.912000000000000	0.000000000000000
1.913000000000000	0.000000000000000
1.914000000000000	0.000000000000000
1.915000000000000	0.000000000000000
1.916000000000000	0.002393000000000
1.917000000000000	0.031104000000000
1.918000000000000	0.033496000000000
1.919000000000000	0.025122000000000
1.920000000000000	0.055029000000000
1.921000000000000	0.013159000000000
1.922000000000000	0.000000000000000
1.923000000000000	0.031104000000000
1.924000000000000	0.021533000000000
1.925000000000000	0.034692000000000
1.926000000000000	0.000000000000000
1.927000000000000	0.000000000000000
1.928000000000000	0.019141000000000
1.929000000000000	0.003589000000000
1.930000000000000	0.000000000000000
1.931000000000000	0.000000000000000
1.932000000000000	0.000000000000000
1.933000000000000	0.000000000000000
1.934000000000000	0.000000000000000
1.935000000000000	0.011963000000000
1.936000000000000	0.034692000000000
1.937000000000000	0.043066000000000
1.938000000000000	0.000000000000000
1.939000000000000	0.028711000000000
1.940000000000000	0.000000000000000
1.941000000000000	0.000000000000000
1.942000000000000	0.000000000000000
1.943000000000000	0.010767000000000
1.944000000000000	0.000000000000000
1.945000000000000	0.000000000000000
1.946000000000000	0.000000000000000
1.947000000000000	0.000000000000000
1.948000000000000	0.014355000000000
1.949000000000000	0.000000000000000
1.950000000000000	0.002393000000000
1.951000000000000	0.043066000000000
1.952000000000000	0.033496000000000
1.953000000000000	0.044263000000000
1.954000000000000	0.032300000000000
1.955000000000000	0.008374000000000
1.956000000000000	0.047852000000000
1.957000000000000	0.008374000000000
1.958000000000000	0.008374000000000
1.959000000000000	0.000000000000000
1.960000000000000	0.000000000000000
1.961000000000000	0.000000000000000
1.962000000000000	0.000000000000000
1.963000000000000	0.017944000000000
1.964000000000000	0.020337000000000
1.965000000000000	0.000000000000000
1.966000000000000	0.000000000000000
1.967000000000000	0.000000000000000
1.968000000000000	0.078955000000000
1.969000000000000	0.020337000000000
1.970000000000000	0.022729000000000
1.971000000000000	0.056226000000000
1.972000000000000	0.000000000000000
1.973000000000000	0.034692000000000
1.974000000000000	0.010767000000000
1.975000000000000	0.010767000000000
1.976000000000000	0.000000000000000
1.977000000000000	0.002393000000000
1.978000000000000	0.000000000000000
1.979000000000000	0.000000000000000
1.980000000000000	0.000000000000000
1.981000000000000	0.000000000000000
1.982000000000000	0.000000000000000
1.983000000000000	0.041870000000000
1.984000000000000	0.020337000000000
1.985000000000000	0.011963000000000
1.986000000000000	0.003589000000000
1.987000000000000	0.027515000000000
1.988000000000000	0.039478000000000
1.989000000000000	0.010767000000000
1.990000000000000	0.040674000000000
1.991000000000000	0.026318000000000
1.992000000000000	0.000000000000000
1.993000000000000	0.000000000000000
1.994000000000000	0.000000000000000
1.995000000000000	0.000000000000000
1.996000000000000	0.000000000000000
1.997000000000000	0.049048000000000
1.998000000000000	0.002393000000000
1.999000000000000	0.051440000000000
2.000000000000000	0.000000000000000