Force produced by a submaximally-activated cat soleus muscle in vivo while
applying length changes of maximum amplitude 1.0 mm and a random-frequency
stimulation signal of 10 Hz. Experimental data was provided by T.G. Sandercock
[1]. Please refer to Millard et al. [2] for details.

References:
    1. Perreault, E.J., Heckman, C.J., and Sandercock, T.G., 2003. "Hill
       muscle model errors during movement are greatest within the
       physiologically relevant range of motor unit firing rates". Journal
       of Biomechanics, 36(2), pp. 211--218.
       http://dx.doi.org/10.1016/S0021-9290(02)00332-9.
    2. Millard, M., Uchida, T., Seth, A., and Delp, S.L., 2013. "Flexing
       computational muscle: Modeling and simulation of musculotendon
       dynamics". ASME Journal of Biomechanical Engineering, 135(2),
       p. 021013 (11 pages). http://dx.doi.org/10.1115/1.4023390.

endheader
time_s	force_N
0.000000000000000	0.000000000000000
0.001000000000000	0.000000000000000
0.002000000000000	0.000000000000000
0.003000000000000	0.000000000000000
0.004000000000000	0.000000000000000
0.005000000000000	0.000000000000000
0.006000000000000	0.000000000000000
0.007000000000000	0.022729000000000
0.008000000000000	0.000000000000000
0.009000000000000	0.000000000000000
0.010000000000000	0.022729000000000
0.011000000000000	0.014355000000000
0.012000000000000	0.000000000000000
0.013000000000000	0.010767000000000
0.014000000000000	0.014355000000000
0.015000000000000	0.022729000000000
0.016000000000000	0.000000000000000
0.017000000000000	0.023926000000000
0.018000000000000	0.005981000000000
0.019000000000000	0.008374000000000
0.020000000000000	0.000000000000000
0.021000000000000	0.004785000000000
0.022000000000000	0.000000000000000
0.023000000000000	0.000000000000000
0.024000000000000	0.040674000000000
0.025000000000000	0.000000000000000
0.026000000000000	0.020337000000000
0.027000000000000	0.034692000000000
0.028000000000000	0.040674000000000
0.029000000000000	0.034692000000000
0.030000000000000	0.000000000000000
0.031000000000000	0.025122000000000
0.032000000000000	0.028711000000000
0.033000000000000	0.003589000000000
0.034000000000000	0.000000000000000
0.035000000000000	0.000000000000000
0.036000000000000	0.000000000000000
0.037000000000000	0.000000000000000
0.038000000000000	0.000000000000000
0.039000000000000	0.000000000000000
0.040000000000000	0.000000000000000
0.041000000000000	0.000000000000000
0.042000000000000	0.026318000000000
0.043000000000000	0.009570000000000
0.044000000000000	0.017944000000000
0.045000000000000	0.003589000000000
0.046000000000000	0.039478000000000
0.047000000000000	0.038281000000000
0.048000000000000	0.020337000000000
0.049000000000000	0.005981000000000
0.050000000000000	0.000000000000000
0.051000000000000	0.000000000000000
0.052000000000000	0.000000000000000
0.053000000000000	0.000000000000000
0.054000000000000	0.000000000000000
0.055000000000000	0.005981000000000
0.056000000000000	0.000000000000000
0.057000000000000	0.000000000000000
0.058000000000000	0.040674000000000
0.059000000000000	0.000000000000000
0.060000000000000	0.000000000000000
0.061000000000000	0.019141000000000
0.062000000000000	0.037085000000000
0.063000000000000	0.013159000000000
0.064000000000000	0.043066000000000
0.065000000000000	0.016748000000000
0.066000000000000	0.000000000000000
0.067000000000000	0.000000000000000
0.068000000000000	0.025122000000000
0.069000000000000	0.002393000000000
0.070000000000000	0.000000000000000
0.071000000000000	0.017944000000000
0.072000000000000	0.000000000000000
0.073000000000000	0.000000000000000
0.074000000000000	0.025122000000000
0.075000000000000	0.010767000000000
0.076000000000000	0.008374000000000
0.077000000000000	0.007178000000000
0.078000000000000	0.020337000000000
0.079000000000000	0.023926000000000
0.080000000000000	0.010767000000000
0.081000000000000	0.020337000000000
0.082000000000000	0.000000000000000
0.083000000000000	0.000000000000000
0.084000000000000	0.000000000000000
0.085000000000000	0.010767000000000
0.086000000000000	0.020337000000000
0.087000000000000	0.000000000000000
0.088000000000000	0.000000000000000
0.089000000000000	0.000000000000000
0.090000000000000	0.017944000000000
0.091000000000000	0.028711000000000
0.092000000000000	0.029907000000000
0.093000000000000	0.029907000000000
0.094000000000000	0.013159000000000
0.095000000000000	0.032300000000000
0.096000000000000	0.025122000000000
0.097000000000000	0.033496000000000
0.098000000000000	0.000000000000000
0.099000000000000	0.047852000000000
0.100000000000000	0.026318000000000
0.101000000000000	0.000000000000000
0.102000000000000	0.000000000000000
0.103000000000000	0.000000000000000
0.104000000000000	0.000000000000000
0.105000000000000	0.000000000000000
0.106000000000000	0.000000000000000
0.107000000000000	0.005981000000000
0.108000000000000	0.031104000000000
0.109000000000000	0.043066000000000
0.110000000000000	0.057422000000000
0.111000000000000	0.117236000000000
0.112000000000000	0.155518000000000
0.113000000000000	0.143555000000000
0.114000000000000	0.202173000000000
0.115000000000000	0.254810000000000
0.116000000000000	0.293091000000000
0.117000000000000	0.349316000000000
0.118000000000000	0.376831000000000
0.119000000000000	0.422290000000000
0.120000000000000	0.486890000000000
0.121000000000000	0.532349000000000
0.122000000000000	0.583789000000000
0.123000000000000	0.622070000000000
0.124000000000000	0.696240000000000
0.125000000000000	0.754858000000000
0.126000000000000	0.813477000000000
0.127000000000000	0.829028000000000
0.128000000000000	0.885254000000000
0.129000000000000	0.933105000000000
0.130000000000000	1.012061000000000
0.131000000000000	1.027612000000000
0.132000000000000	1.083838000000000
0.133000000000000	1.074268000000000
0.134000000000000	1.183130000000000
0.135000000000000	1.228589000000000
0.136000000000000	1.280029000000000
0.137000000000000	1.315918000000000
0.138000000000000	1.367358000000000
0.139000000000000	1.435547000000000
0.140000000000000	1.466650000000000
0.141000000000000	1.512109000000000
0.142000000000000	1.583887000000000
0.143000000000000	1.610205000000000
0.144000000000000	1.661646000000000
0.145000000000000	1.705908000000000
0.146000000000000	1.742993000000000
0.147000000000000	1.804004000000000
0.148000000000000	1.839893000000000
0.149000000000000	1.884155000000000
0.150000000000000	1.879370000000000
0.151000000000000	1.922437000000000
0.152000000000000	1.885352000000000
0.153000000000000	1.953540000000000
0.154000000000000	1.977466000000000
0.155000000000000	2.034888000000000
0.156000000000000	2.036084000000000
0.157000000000000	2.061206000000000
0.158000000000000	2.064795000000000
0.159000000000000	2.144946000000000
0.160000000000000	2.184424000000000
0.161000000000000	2.234668000000000
0.162000000000000	2.308838000000000
0.163000000000000	2.409326000000000
0.164000000000000	2.501440000000000
0.165000000000000	2.570825000000000
0.166000000000000	2.635425000000000
0.167000000000000	2.732324000000000
0.168000000000000	2.872290000000000
0.169000000000000	2.959619000000000
0.170000000000000	3.055322000000000
0.171000000000000	3.191699000000000
0.172000000000000	3.290991000000000
0.173000000000000	3.424976000000000
0.174000000000000	3.517090000000000
0.175000000000000	3.622363000000000
0.176000000000000	3.743188000000000
0.177000000000000	3.842480000000000
0.178000000000000	3.942969000000000
0.179000000000000	4.024316000000000
0.180000000000000	4.143945000000000
0.181000000000000	4.239648000000000
0.182000000000000	4.292285000000000
0.183000000000000	4.431055000000000
0.184000000000000	4.515991000000000
0.185000000000000	4.586572000000000
0.186000000000000	4.699023000000000
0.187000000000000	4.818652000000000
0.188000000000000	4.888037000000000
0.189000000000000	4.968188000000000
0.190000000000000	5.056714000000000
0.191000000000000	5.136865000000000
0.192000000000000	5.209839000000000
0.193000000000000	5.282813000000000
0.194000000000000	5.422778000000000
0.195000000000000	5.458667000000000
0.196000000000000	5.536426000000000
0.197000000000000	5.596240000000000
0.198000000000000	5.644092000000000
0.199000000000000	5.699121000000000
0.200000000000000	5.749365000000000
0.201000000000000	5.773291000000000
0.202000000000000	5.839087000000000
0.203000000000000	5.877368000000000
0.204000000000000	5.896509000000000
0.205000000000000	5.959912000000001
0.206000000000000	6.008960000000000
0.207000000000000	6.014941000000001
0.208000000000000	6.061597000000001
0.209000000000000	6.043651999999999
0.210000000000000	6.134570000000000
0.211000000000000	6.128589000000000
0.212000000000000	6.130981000000001
0.213000000000000	6.140552000000000
0.214000000000000	6.151318000000000
0.215000000000000	6.178832999999999
0.216000000000000	6.144141000000000
0.217000000000000	6.176440000000000
0.218000000000000	6.141748000000000
0.219000000000000	6.164477999999999
0.220000000000000	6.146533000000000
0.221000000000000	6.153711000000000
0.222000000000000	6.145336999999999
0.223000000000000	6.139354999999999
0.224000000000000	6.102271000000001
0.225000000000000	6.129785000000000
0.226000000000000	6.077147999999999
0.227000000000000	6.083130000000001
0.228000000000000	6.056812000000000
0.229000000000000	6.030493000000000
0.230000000000000	6.005371000000000
0.231000000000000	5.987426999999999
0.232000000000000	5.932397000000000
0.233000000000000	5.941968000000000
0.234000000000000	5.906078999999999
0.235000000000000	5.863013000000000
0.236000000000000	5.788843000000000
0.237000000000000	5.768506000000000
0.238000000000000	5.726636000000000
0.239000000000000	5.684766000000000
0.240000000000000	5.657251000000000
0.241000000000000	5.623755000000000
0.242000000000000	5.581885000000000
0.243000000000000	5.517285000000000
0.244000000000000	5.458667000000000
0.245000000000000	5.440723000000000
0.246000000000000	5.379712000000000
0.247000000000000	5.352197000000000
0.248000000000000	5.292383000000000
0.249000000000000	5.267261000000000
0.250000000000000	5.214624000000000
0.251000000000000	5.109351000000000
0.252000000000000	5.079443000000000
0.253000000000000	5.018433000000000
0.254000000000000	4.945459000000000
0.255000000000000	4.878467000000000
0.256000000000000	4.847363000000000
0.257000000000000	4.782764000000000
0.258000000000000	4.715771000000000
0.259000000000000	4.658350000000000
0.260000000000000	4.629639000000000
0.261000000000000	4.524365000000000
0.262000000000000	4.468140000000000
0.263000000000000	4.419092000000000
0.264000000000000	4.356885000000000
0.265000000000000	4.287500000000000
0.266000000000000	4.201367000000000
0.267000000000000	4.181030000000000
0.268000000000000	4.106860000000000
0.269000000000000	4.041064000000000
0.270000000000000	3.960913000000000
0.271000000000000	3.903491000000000
0.272000000000000	3.890332000000000
0.273000000000000	3.792236000000000
0.274000000000000	3.776685000000000
0.275000000000000	3.689355000000000
0.276000000000000	3.639111000000000
0.277000000000000	3.640308000000000
0.278000000000000	3.637915000000001
0.279000000000000	3.580493000000000
0.280000000000000	3.621167000000000
0.281000000000000	3.610400000000000
0.282000000000000	3.664233000000000
0.283000000000000	3.651074000000000
0.284000000000000	3.683374000000000
0.285000000000000	3.716870000000000
0.286000000000000	3.738403000000000
0.287000000000000	3.775488000000000
0.288000000000000	3.797021000000000
0.289000000000000	3.862817000000000
0.290000000000000	3.844873000000001
0.291000000000000	3.902295000000000
0.292000000000000	3.923828000000000
0.293000000000000	3.951343000000000
0.294000000000000	3.975269000000000
0.295000000000000	4.031494000000000
0.296000000000000	4.018335000000000
0.297000000000000	4.049438000000000
0.298000000000000	4.075757000000000
0.299000000000000	4.091309000000000
0.300000000000000	4.106860000000000
0.301000000000000	4.127197000000000
0.302000000000000	4.100879000000000
0.303000000000000	4.206152000000000
0.304000000000000	4.182227000000000
0.305000000000000	4.187012000000000
0.306000000000000	4.195386000000000
0.307000000000000	4.239648000000000
0.308000000000000	4.281519000000000
0.309000000000000	4.330566000000000
0.310000000000000	4.382007000000000
0.311000000000000	4.474121000000000
0.312000000000000	4.536328000000000
0.313000000000000	4.600928000000000
0.314000000000000	4.663135000000000
0.315000000000000	4.764819000000000
0.316000000000000	4.800708000000000
0.317000000000000	4.909570000000000
0.318000000000000	5.000488000000000
0.319000000000000	5.056714000000000
0.320000000000000	5.122510000000000
0.321000000000000	5.203857000000000
0.322000000000000	5.272046000000000
0.323000000000000	5.376123000000000
0.324000000000000	5.406030000000000
0.325000000000000	5.465845000000000
0.326000000000000	5.560352000000000
0.327000000000000	5.598633000000000
0.328000000000000	5.657251000000000
0.329000000000000	5.768506000000000
0.330000000000000	5.792432000000000
0.331000000000000	5.839087000000000
0.332000000000000	5.900098000000000
0.333000000000000	5.945557000000001
0.334000000000000	5.983838000000000
0.335000000000000	6.053223000000000
0.336000000000000	6.093896000000000
0.337000000000000	6.200365999999999
0.338000000000000	6.213525000000001
0.339000000000000	6.286499000000001
0.340000000000000	6.346313000000000
0.341000000000000	6.394165000000000
0.342000000000000	6.470727999999999
0.343000000000000	6.523364000000000
0.344000000000000	6.601122999999999
0.345000000000000	6.646582000000000
0.346000000000000	6.659741000000000
0.347000000000000	6.730322000000001
0.348000000000000	6.793726000000000
0.349000000000000	6.806885000000000
0.350000000000000	6.845166000000000
0.351000000000000	6.884644000000000
0.352000000000000	6.940869000000001
0.353000000000000	6.976758000000000
0.354000000000000	7.007861000000000
0.355000000000000	7.049731000000000
0.356000000000000	7.114331000000000
0.357000000000000	7.159790000000001
0.358000000000000	7.165771000000000
0.359000000000000	7.198071000000000
0.360000000000000	7.223193000000000
0.361000000000000	7.260278000000000
0.362000000000000	7.277025999999999
0.363000000000000	7.290186000000000
0.364000000000000	7.308130000000001
0.365000000000000	7.345214999999999
0.366000000000000	7.312915000000000
0.367000000000000	7.372729000000001
0.368000000000000	7.366748000000000
0.369000000000000	7.395459000000000
0.370000000000000	7.381104000000000
0.371000000000000	7.434937000000000
0.372000000000000	7.426563000000000
0.373000000000000	7.475609999999999
0.374000000000000	7.479199000000001
0.375000000000000	7.498340000000000
0.376000000000000	7.515088000000000
0.377000000000000	7.531836000000000
0.378000000000000	7.474414000000000
0.379000000000000	7.485181000000000
0.380000000000000	7.523462000000000
0.381000000000000	7.483984000000000
0.382000000000000	7.487572999999999
0.383000000000000	7.458862000000000
0.384000000000000	7.468433000000000
0.385000000000000	7.445703000000001
0.386000000000000	7.394263000000000
0.387000000000000	7.413403000000001
0.388000000000000	7.415796000000000
0.389000000000000	7.379907000000000
0.390000000000000	7.363159000000000
0.391000000000000	7.366748000000000
0.392000000000000	7.340430000000000
0.393000000000000	7.271045000000000
0.394000000000000	7.279419000000000
0.395000000000000	7.235156000000001
0.396000000000000	7.262670999999999
0.397000000000000	7.201660000000000
0.398000000000000	7.143042000000000
0.399000000000000	7.108350000000000
0.400000000000000	7.073657000000000
0.401000000000000	7.011449999999999
0.402000000000000	6.968384000000000
0.403000000000000	6.942065000000000
0.404000000000000	6.857129000000000
0.405000000000000	6.853540000000001
0.406000000000000	6.791333000000001
0.407000000000000	6.730322000000001
0.408000000000000	6.682471000000001
0.409000000000000	6.639404000000000
0.410000000000000	6.599927000000001
0.411000000000000	6.500635000000000
0.412000000000000	6.488672000000000
0.413000000000000	6.390575999999999
0.414000000000000	6.331958000000000
0.415000000000000	6.220703000000000
0.416000000000000	6.193187999999999
0.417000000000000	6.091503999999999
0.418000000000000	5.996997000000000
0.419000000000000	5.903687000000000
0.420000000000000	5.846265000000000
0.421000000000000	5.775684000000000
0.422000000000000	5.678784000000000
0.423000000000000	5.604614000000000
0.424000000000000	5.525659000000000
0.425000000000000	5.409619000000000
0.426000000000000	5.341431000000000
0.427000000000000	5.279224000000000
0.428000000000000	5.135669000000000
0.429000000000000	5.065088000000000
0.430000000000000	4.986133000000000
0.431000000000000	4.891626000000000
0.432000000000000	4.793530000000000
0.433000000000000	4.688257000000000
0.434000000000000	4.572217000000000
0.435000000000000	4.529150000000000
0.436000000000000	4.403540000000000
0.437000000000000	4.306641000000000
0.438000000000000	4.246826000000000
0.439000000000000	4.135571000000000
0.440000000000000	4.038672000000000
0.441000000000000	3.995605000000000
0.442000000000000	3.896313000000000
0.443000000000000	3.860425000000000
0.444000000000000	3.749170000000000
0.445000000000000	3.676196000000000
0.446000000000000	3.604419000000000
0.447000000000000	3.527856000000000
0.448000000000000	3.418994000000000
0.449000000000000	3.379517000000000
0.450000000000000	3.267065000000001
0.451000000000000	3.198877000000000
0.452000000000000	3.100781000000000
0.453000000000000	3.052930000000000
0.454000000000000	2.960815000000000
0.455000000000000	2.926123000000000
0.456000000000000	2.848364000000000
0.457000000000000	2.765820000000000
0.458000000000000	2.711987000000000
0.459000000000000	2.691650000000000
0.460000000000000	2.637817000000000
0.461000000000000	2.574414000000000
0.462000000000000	2.578003000000000
0.463000000000000	2.595947000000000
0.464000000000000	2.556470000000000
0.465000000000000	2.606714000000000
0.466000000000000	2.695239000000000
0.467000000000000	2.673706000000000
0.468000000000000	2.704810000000000
0.469000000000000	2.740698000000000
0.470000000000000	2.818457000000000
0.471000000000000	2.873486000000000
0.472000000000000	2.909375000000000
0.473000000000000	2.930908000000000
0.474000000000000	3.002686000000000
0.475000000000000	3.074463000000001
0.476000000000000	3.070874000000000
0.477000000000000	3.133081000000000
0.478000000000000	3.172559000000000
0.479000000000000	3.192896000000001
0.480000000000000	3.214429000000000
0.481000000000000	3.257495000000000
0.482000000000000	3.275439000000000
0.483000000000000	3.310132000000000
0.484000000000000	3.340039000000000
0.485000000000000	3.374731000000000
0.486000000000000	3.393872000000000
0.487000000000000	3.444116000000000
0.488000000000000	3.422583000000000
0.489000000000000	3.464453000000000
0.490000000000000	3.478809000000000
0.491000000000000	3.506323000000000
0.492000000000000	3.509912000000000
0.493000000000000	3.521875000000000
0.494000000000000	3.554175000000000
0.495000000000000	3.538623000000000
0.496000000000000	3.541016000000000
0.497000000000000	3.567333999999999
0.498000000000000	3.599634000000000
0.499000000000000	3.600830000000000
0.500000000000000	3.568530000000000
0.501000000000000	3.550586000000000
0.502000000000000	3.537427000000000
0.503000000000000	3.533838000000000
0.504000000000000	3.532642000000000
0.505000000000000	3.518286000000000
0.506000000000000	3.538623000000000
0.507000000000000	3.512305000000000
0.508000000000000	3.464453000000000
0.509000000000000	3.468042000000000
0.510000000000000	3.445313000000001
0.511000000000000	3.451294000000000
0.512000000000000	3.421387000000000
0.513000000000000	3.414209000000000
0.514000000000000	3.366357000000000
0.515000000000000	3.343628000000000
0.516000000000000	3.290991000000000
0.517000000000000	3.258691000000000
0.518000000000000	3.257495000000000
0.519000000000000	3.216821000000000
0.520000000000000	3.179736000000000
0.521000000000000	3.192896000000001
0.522000000000000	3.109155000000000
0.523000000000000	3.130688000000001
0.524000000000000	3.084033000000000
0.525000000000000	3.068481000000000
0.526000000000000	3.052930000000000
0.527000000000000	3.034985000000000
0.528000000000000	3.011060000000000
0.529000000000000	2.984741000000000
0.530000000000000	2.954834000000000
0.531000000000000	2.905786000000000
0.532000000000000	2.883057000000000
0.533000000000000	2.829224000000000
0.534000000000000	2.793335000000000
0.535000000000000	2.771802000000000
0.536000000000000	2.776587000000000
0.537000000000000	2.731128000000000
0.538000000000000	2.709595000000000
0.539000000000000	2.670117000000000
0.540000000000000	2.650977000000000
0.541000000000000	2.652173000000000
0.542000000000000	2.605518000000000
0.543000000000000	2.630640000000000
0.544000000000000	2.604321000000000
0.545000000000000	2.583984000000000
0.546000000000000	2.557666000000000
0.547000000000000	2.520581000000000
0.548000000000000	2.520581000000000
0.549000000000000	2.439233000000000
0.550000000000000	2.427271000000000
0.551000000000000	2.409326000000000
0.552000000000000	2.369849000000000
0.553000000000000	2.361475000000000
0.554000000000000	2.331567000000000
0.555000000000000	2.286108000000000
0.556000000000000	2.308838000000000
0.557000000000000	2.211938000000000
0.558000000000000	2.235864000000000
0.559000000000000	2.235864000000000
0.560000000000000	2.213135000000000
0.561000000000000	2.162891000000000
0.562000000000000	2.138965000000000
0.563000000000000	2.125806000000000
0.564000000000000	2.111450000000000
0.565000000000000	2.057617000000000
0.566000000000000	2.013354000000000
0.567000000000000	2.004980000000000
0.568000000000000	1.981055000000000
0.569000000000000	1.922437000000000
0.570000000000000	1.905688000000000
0.571000000000000	1.892529000000000
0.572000000000000	1.856641000000000
0.573000000000000	1.805200000000000
0.574000000000000	1.786060000000000
0.575000000000000	1.766919000000000
0.576000000000000	1.722656000000000
0.577000000000000	1.710693000000000
0.578000000000000	1.667627000000000
0.579000000000000	1.628149000000000
0.580000000000000	1.573120000000000
0.581000000000000	1.512109000000000
0.582000000000000	1.482202000000000
0.583000000000000	1.479810000000000
0.584000000000000	1.427173000000000
0.585000000000000	1.369751000000000
0.586000000000000	1.326685000000000
0.587000000000000	1.325488000000000
0.588000000000000	1.265674000000000
0.589000000000000	1.228589000000000
0.590000000000000	1.177148000000000
0.591000000000000	1.160400000000000
0.592000000000000	1.163989000000000
0.593000000000000	1.137671000000000
0.594000000000000	1.068286000000000
0.595000000000000	1.067090000000000
0.596000000000000	1.006079000000000
0.597000000000000	0.992920000000000
0.598000000000000	0.943872000000000
0.599000000000000	0.939087000000000
0.600000000000000	0.925928000000000
0.601000000000000	0.848169000000000
0.602000000000000	0.823047000000000
0.603000000000000	0.817065000000000
0.604000000000000	0.778784000000000
0.605000000000000	0.742896000000000
0.606000000000000	0.739307000000000
0.607000000000000	0.716577000000000
0.608000000000000	0.674707000000000
0.609000000000000	0.678296000000000
0.610000000000000	0.667529000000000
0.611000000000000	0.625659000000000
0.612000000000000	0.656763000000000
0.613000000000000	0.589771000000000
0.614000000000000	0.619678000000000
0.615000000000000	0.582593000000000
0.616000000000000	0.537134000000000
0.617000000000000	0.502441000000000
0.618000000000000	0.489282000000000
0.619000000000000	0.479712000000000
0.620000000000000	0.477319000000000
0.621000000000000	0.436646000000000
0.622000000000000	0.451001000000000
0.623000000000000	0.443823000000000
0.624000000000000	0.405542000000000
0.625000000000000	0.360083000000000
0.626000000000000	0.410327000000000
0.627000000000000	0.381616000000000
0.628000000000000	0.358887000000000
0.629000000000000	0.382812000000000
0.630000000000000	0.393579000000000
0.631000000000000	0.326587000000000
0.632000000000000	0.317017000000000
0.633000000000000	0.297876000000000
0.634000000000000	0.309839000000000
0.635000000000000	0.296680000000000
0.636000000000000	0.273950000000000
0.637000000000000	0.279932000000000
0.638000000000000	0.234473000000000
0.639000000000000	0.254810000000000
0.640000000000000	0.247632000000000
0.641000000000000	0.238062000000000
0.642000000000000	0.245239000000000
0.643000000000000	0.228491000000000
0.644000000000000	0.198584000000000
0.645000000000000	0.260791000000000
0.646000000000000	0.221313000000000
0.647000000000000	0.222510000000000
0.648000000000000	0.198584000000000
0.649000000000000	0.212939000000000
0.650000000000000	0.150732000000000
0.651000000000000	0.162695000000000
0.652000000000000	0.154321000000000
0.653000000000000	0.143555000000000
0.654000000000000	0.147144000000000
0.655000000000000	0.151929000000000
0.656000000000000	0.143555000000000
0.657000000000000	0.169873000000000
0.658000000000000	0.197388000000000
0.659000000000000	0.184229000000000
0.660000000000000	0.244043000000000
0.661000000000000	0.295483000000000
0.662000000000000	0.326587000000000
0.663000000000000	0.373242000000000
0.664000000000000	0.394775000000000
0.665000000000000	0.482104000000000
0.666000000000000	0.508423000000000
0.667000000000000	0.550293000000000
0.668000000000000	0.628052000000000
0.669000000000000	0.672314000000000
0.670000000000000	0.709399000000000
0.671000000000000	0.744092000000000
0.672000000000000	0.807495000000000
0.673000000000000	0.812280000000000
0.674000000000000	0.897217000000000
0.675000000000000	0.925928000000000
0.676000000000000	0.991724000000000
0.677000000000000	1.027612000000000
0.678000000000000	1.045557000000000
0.679000000000000	1.101782000000000
0.680000000000000	1.153223000000000
0.681000000000000	1.152026000000000
0.682000000000000	1.205859000000000
0.683000000000000	1.195093000000000
0.684000000000000	1.268066000000000
0.685000000000000	1.283618000000000
0.686000000000000	1.315918000000000
0.687000000000000	1.309937000000000
0.688000000000000	1.384106000000000
0.689000000000000	1.398462000000000
0.690000000000000	1.429565000000000
0.691000000000000	1.446313000000000
0.692000000000000	1.494165000000000
0.693000000000000	1.500146000000000
0.694000000000000	1.536035000000000
0.695000000000000	1.512109000000000
0.696000000000000	1.550391000000000
0.697000000000000	1.588672000000000
0.698000000000000	1.561157000000000
0.699000000000000	1.556372000000000
0.700000000000000	1.570728000000000
0.701000000000000	1.553979000000000
0.702000000000000	1.567139000000000
0.703000000000000	1.550391000000000
0.704000000000000	1.561157000000000
0.705000000000000	1.549194000000000
0.706000000000000	1.559961000000000
0.707000000000000	1.579102000000000
0.708000000000000	1.562354000000000
0.709000000000000	1.564746000000000
0.710000000000000	1.545605000000000
0.711000000000000	1.559961000000000
0.712000000000000	1.542017000000000
0.713000000000000	1.549194000000000
0.714000000000000	1.494165000000000
0.715000000000000	1.515698000000000
0.716000000000000	1.475024000000000
0.717000000000000	1.459473000000000
0.718000000000000	1.431958000000000
0.719000000000000	1.431958000000000
0.720000000000000	1.396069000000000
0.721000000000000	1.412817000000000
0.722000000000000	1.404443000000000
0.723000000000000	1.397266000000000
0.724000000000000	1.392480000000000
0.725000000000000	1.370947000000000
0.726000000000000	1.325488000000000
0.727000000000000	1.368555000000000
0.728000000000000	1.323096000000000
0.729000000000000	1.308740000000000
0.730000000000000	1.280029000000000
0.731000000000000	1.284814000000000
0.732000000000000	1.240552000000000
0.733000000000000	1.219019000000000
0.734000000000000	1.201074000000000
0.735000000000000	1.204663000000000
0.736000000000000	1.118530000000000
0.737000000000000	1.117334000000000
0.738000000000000	1.129297000000000
0.739000000000000	1.138867000000000
0.740000000000000	1.079053000000000
0.741000000000000	1.071875000000000
0.742000000000000	1.076660000000000
0.743000000000000	1.019238000000000
0.744000000000000	1.019238000000000
0.745000000000000	1.041968000000000
0.746000000000000	1.024023000000000
0.747000000000000	0.971387000000000
0.748000000000000	0.957031000000000
0.749000000000000	0.916357000000000
0.750000000000000	0.912769000000000
0.751000000000000	0.874487000000000
0.752000000000000	0.863721000000000
0.753000000000000	0.837402000000000
0.754000000000000	0.833813000000000
0.755000000000000	0.797925000000000
0.756000000000000	0.771606000000000
0.757000000000000	0.748877000000000
0.758000000000000	0.734521000000000
0.759000000000000	0.714185000000000
0.760000000000000	0.729736000000000
0.761000000000000	0.698633000000000
0.762000000000000	0.686670000000000
0.763000000000000	0.683081000000000
0.764000000000000	0.655566000000000
0.765000000000000	0.620874000000000
0.766000000000000	0.589771000000000
0.767000000000000	0.559863000000000
0.768000000000000	0.539526000000000
0.769000000000000	0.517993000000000
0.770000000000000	0.521582000000000
0.771000000000000	0.491675000000000
0.772000000000000	0.506030000000000
0.773000000000000	0.491675000000000
0.774000000000000	0.490479000000000
0.775000000000000	0.556274000000000
0.776000000000000	0.575415000000000
0.777000000000000	0.596948000000000
0.778000000000000	0.690259000000000
0.779000000000000	0.708203000000000
0.780000000000000	0.697437000000000
0.781000000000000	0.778784000000000
0.782000000000000	0.821851000000000
0.783000000000000	0.866113000000000
0.784000000000000	0.928320000000000
0.785000000000000	1.018042000000000
0.786000000000000	1.055127000000000
0.787000000000000	1.082642000000000
0.788000000000000	1.141260000000000
0.789000000000000	1.190308000000000
0.790000000000000	1.268066000000000
0.791000000000000	1.302759000000000
0.792000000000000	1.397266000000000
0.793000000000000	1.408032000000000
0.794000000000000	1.428369000000000
0.795000000000000	1.532446000000000
0.796000000000000	1.512109000000000
0.797000000000000	1.581494000000000
0.798000000000000	1.619775000000000
0.799000000000000	1.655664000000000
0.800000000000000	1.658057000000000
0.801000000000000	1.702319000000000
0.802000000000000	1.744189000000000
0.803000000000000	1.732227000000000
0.804000000000000	1.783667000000000
0.805000000000000	1.829126000000000
0.806000000000000	1.825537000000000
0.807000000000000	1.867407000000000
0.808000000000000	1.897314000000000
0.809000000000000	1.946362000000000
0.810000000000000	2.003784000000000
0.811000000000000	1.965503000000000
0.812000000000000	1.991821000000000
0.813000000000000	2.002588000000000
0.814000000000000	2.024121000000000
0.815000000000000	2.024121000000000
0.816000000000000	2.030103000000000
0.817000000000000	2.028906000000000
0.818000000000000	2.015747000000000
0.819000000000000	2.016943000000000
0.820000000000000	1.985840000000000
0.821000000000000	1.990625000000000
0.822000000000000	1.988232000000000
0.823000000000000	1.998999000000000
0.824000000000000	1.991821000000000
0.825000000000000	1.994214000000000
0.826000000000000	1.969092000000000
0.827000000000000	1.976270000000000
0.828000000000000	2.002588000000000
0.829000000000000	1.960718000000000
0.830000000000000	1.945166000000000
0.831000000000000	1.951147000000000
0.832000000000000	1.906885000000000
0.833000000000000	1.905688000000000
0.834000000000000	1.851855000000000
0.835000000000000	1.856641000000000
0.836000000000000	1.830322000000000
0.837000000000000	1.809985000000000
0.838000000000000	1.795630000000000
0.839000000000000	1.759741000000000
0.840000000000000	1.781274000000000
0.841000000000000	1.753760000000000
0.842000000000000	1.728638000000000
0.843000000000000	1.703516000000000
0.844000000000000	1.714282000000000
0.845000000000000	1.680786000000000
0.846000000000000	1.654468000000000
0.847000000000000	1.641309000000000
0.848000000000000	1.629346000000000
0.849000000000000	1.574316000000000
0.850000000000000	1.543213000000000
0.851000000000000	1.543213000000000
0.852000000000000	1.498950000000000
0.853000000000000	1.463062000000000
0.854000000000000	1.449902000000000
0.855000000000000	1.433154000000000
0.856000000000000	1.411621000000000
0.857000000000000	1.378125000000000
0.858000000000000	1.366162000000000
0.859000000000000	1.338647000000000
0.860000000000000	1.306348000000000
0.861000000000000	1.305151000000000
0.862000000000000	1.277637000000000
0.863000000000000	1.271655000000000
0.864000000000000	1.239355000000000
0.865000000000000	1.199878000000000
0.866000000000000	1.175952000000000
0.867000000000000	1.156812000000000
0.868000000000000	1.112549000000000
0.869000000000000	1.051538000000000
0.870000000000000	1.061108000000000
0.871000000000000	1.039575000000000
0.872000000000000	0.991724000000000
0.873000000000000	1.003687000000000
0.874000000000000	0.979761000000000
0.875000000000000	0.933105000000000
0.876000000000000	0.958228000000000
0.877000000000000	0.916357000000000
0.878000000000000	0.888843000000000
0.879000000000000	0.876880000000000
0.880000000000000	0.861328000000000
0.881000000000000	0.837402000000000
0.882000000000000	0.805103000000000
0.883000000000000	0.777588000000000
0.884000000000000	0.745288000000000
0.885000000000000	0.729736000000000
0.886000000000000	0.681885000000000
0.887000000000000	0.703418000000000
0.888000000000000	0.656763000000000
0.889000000000000	0.623267000000000
0.890000000000000	0.636426000000000
0.891000000000000	0.624463000000000
0.892000000000000	0.608911000000000
0.893000000000000	0.587378000000000
0.894000000000000	0.629248000000000
0.895000000000000	0.551489000000000
0.896000000000000	0.541919000000000
0.897000000000000	0.540723000000000
0.898000000000000	0.512012000000000
0.899000000000000	0.491675000000000
0.900000000000000	0.510815000000000
0.901000000000000	0.434253000000000
0.902000000000000	0.423486000000000
0.903000000000000	0.424683000000000
0.904000000000000	0.424683000000000
0.905000000000000	0.374438000000000
0.906000000000000	0.362476000000000
0.907000000000000	0.362476000000000
0.908000000000000	0.392383000000000
0.909000000000000	0.386401000000000
0.910000000000000	0.367261000000000
0.911000000000000	0.346924000000000
0.912000000000000	0.362476000000000
0.913000000000000	0.350513000000000
0.914000000000000	0.322998000000000
0.915000000000000	0.354102000000000
0.916000000000000	0.283521000000000
0.917000000000000	0.287109000000000
0.918000000000000	0.257202000000000
0.919000000000000	0.252417000000000
0.920000000000000	0.247632000000000
0.921000000000000	0.212939000000000
0.922000000000000	0.238062000000000
0.923000000000000	0.217725000000000
0.924000000000000	0.214136000000000
0.925000000000000	0.216528000000000
0.926000000000000	0.240454000000000
0.927000000000000	0.236865000000000
0.928000000000000	0.211743000000000
0.929000000000000	0.216528000000000
0.930000000000000	0.159106000000000
0.931000000000000	0.172266000000000
0.932000000000000	0.169873000000000
0.933000000000000	0.162695000000000
0.934000000000000	0.161499000000000
0.935000000000000	0.159106000000000
0.936000000000000	0.133984000000000
0.937000000000000	0.128003000000000
0.938000000000000	0.096899000000000
0.939000000000000	0.111255000000000
0.940000000000000	0.135181000000000
0.941000000000000	0.131592000000000
0.942000000000000	0.106470000000000
0.943000000000000	0.141162000000000
0.944000000000000	0.151929000000000
0.945000000000000	0.141162000000000
0.946000000000000	0.190210000000000
0.947000000000000	0.229688000000000
0.948000000000000	0.232080000000000
0.949000000000000	0.278735000000000
0.950000000000000	0.283521000000000
0.951000000000000	0.317017000000000
0.952000000000000	0.379224000000000
0.953000000000000	0.404346000000000
0.954000000000000	0.448608000000000
0.955000000000000	0.521582000000000
0.956000000000000	0.533545000000000
0.957000000000000	0.592163000000000
0.958000000000000	0.626855000000000
0.959000000000000	0.703418000000000
0.960000000000000	0.726147000000000
0.961000000000000	0.742896000000000
0.962000000000000	0.801514000000000
0.963000000000000	0.784766000000000
0.964000000000000	0.806299000000000
0.965000000000000	0.873291000000000
0.966000000000000	0.882861000000000
0.967000000000000	0.900806000000000
0.968000000000000	0.918750000000000
0.969000000000000	0.943872000000000
0.970000000000000	0.984546000000000
0.971000000000000	1.008472000000000
0.972000000000000	1.057520000000000
0.973000000000000	1.069482000000000
0.974000000000000	1.067090000000000
0.975000000000000	1.108960000000000
0.976000000000000	1.137671000000000
0.977000000000000	1.174756000000000
0.978000000000000	1.193896000000000
0.979000000000000	1.227393000000000
0.980000000000000	1.251318000000000
0.981000000000000	1.239355000000000
0.982000000000000	1.274048000000000
0.983000000000000	1.257300000000000
0.984000000000000	1.278833000000000
0.985000000000000	1.264478000000000
0.986000000000000	1.251318000000000
0.987000000000000	1.290796000000000
0.988000000000000	1.270459000000000
0.989000000000000	1.276440000000000
0.990000000000000	1.306348000000000
0.991000000000000	1.303955000000000
0.992000000000000	1.295581000000000
0.993000000000000	1.284814000000000
0.994000000000000	1.294385000000000
0.995000000000000	1.286011000000000
0.996000000000000	1.299170000000000
0.997000000000000	1.278833000000000
0.998000000000000	1.264478000000000
0.999000000000000	1.303955000000000
1.000000000000000	1.265674000000000
1.001000000000000	1.228589000000000
1.002000000000000	1.210645000000000
1.003000000000000	1.241748000000000
1.004000000000000	1.187915000000000
1.005000000000000	1.197485000000000
1.006000000000000	1.175952000000000
1.007000000000000	1.190308000000000
1.008000000000000	1.169971000000000
1.009000000000000	1.193896000000000
1.010000000000000	1.165186000000000
1.011000000000000	1.167578000000000
1.012000000000000	1.171167000000000
1.013000000000000	1.180737000000000
1.014000000000000	1.128101000000000
1.015000000000000	1.102979000000000
1.016000000000000	1.089819000000000
1.017000000000000	1.049146000000000
1.018000000000000	1.034790000000000
1.019000000000000	1.050342000000000
1.020000000000000	1.015649000000000
1.021000000000000	0.964209000000000
1.022000000000000	1.009668000000000
1.023000000000000	0.988135000000000
1.024000000000000	0.951050000000000
1.025000000000000	0.945068000000000
1.026000000000000	0.952246000000000
1.027000000000000	0.913965000000000
1.028000000000000	0.905591000000000
1.029000000000000	0.870898000000000
1.030000000000000	0.873291000000000
1.031000000000000	0.856543000000000
1.032000000000000	0.823047000000000
1.033000000000000	0.781177000000000
1.034000000000000	0.784766000000000
1.035000000000000	0.785962000000000
1.036000000000000	0.738110000000000
1.037000000000000	0.744092000000000
1.038000000000000	0.718970000000000
1.039000000000000	0.704614000000000
1.040000000000000	0.705811000000000
1.041000000000000	0.665137000000000
1.042000000000000	0.648389000000000
1.043000000000000	0.653174000000000
1.044000000000000	0.622070000000000
1.045000000000000	0.642407000000000
1.046000000000000	0.605322000000000
1.047000000000000	0.592163000000000
1.048000000000000	0.532349000000000
1.049000000000000	0.540723000000000
1.050000000000000	0.540723000000000
1.051000000000000	0.495264000000000
1.052000000000000	0.468945000000000
1.053000000000000	0.471338000000000
1.054000000000000	0.417505000000000
1.055000000000000	0.428271000000000
1.056000000000000	0.440234000000000
1.057000000000000	0.419897000000000
1.058000000000000	0.435449000000000
1.059000000000000	0.391187000000000
1.060000000000000	0.411523000000000
1.061000000000000	0.393579000000000
1.062000000000000	0.392383000000000
1.063000000000000	0.375635000000000
1.064000000000000	0.360083000000000
1.065000000000000	0.339746000000000
1.066000000000000	0.322998000000000
1.067000000000000	0.319409000000000
1.068000000000000	0.356494000000000
1.069000000000000	0.337354000000000
1.070000000000000	0.372046000000000
1.071000000000000	0.425879000000000
1.072000000000000	0.478516000000000
1.073000000000000	0.521582000000000
1.074000000000000	0.562256000000000
1.075000000000000	0.588574000000000
1.076000000000000	0.649585000000000
1.077000000000000	0.709399000000000
1.078000000000000	0.730933000000000
1.079000000000000	0.793140000000000
1.080000000000000	0.830225000000000
1.081000000000000	0.919946000000000
1.082000000000000	0.857739000000000
1.083000000000000	0.946265000000000
1.084000000000000	1.013257000000000
1.085000000000000	1.024023000000000
1.086000000000000	1.038379000000000
1.087000000000000	1.076660000000000
1.088000000000000	1.141260000000000
1.089000000000000	1.141260000000000
1.090000000000000	1.163989000000000
1.091000000000000	1.220215000000000
1.092000000000000	1.223804000000000
1.093000000000000	1.287207000000000
1.094000000000000	1.314722000000000
1.095000000000000	1.299170000000000
1.096000000000000	1.354199000000000
1.097000000000000	1.372144000000000
1.098000000000000	1.394873000000000
1.099000000000000	1.387695000000000
1.100000000000000	1.394873000000000
1.101000000000000	1.437939000000000
1.102000000000000	1.447510000000000
1.103000000000000	1.470239000000000
1.104000000000000	1.457080000000000
1.105000000000000	1.507324000000000
1.106000000000000	1.489380000000000
1.107000000000000	1.519287000000000
1.108000000000000	1.524072000000000
1.109000000000000	1.532446000000000
1.110000000000000	1.510913000000000
1.111000000000000	1.528857000000000
1.112000000000000	1.537231000000000
1.113000000000000	1.538428000000000
1.114000000000000	1.492969000000000
1.115000000000000	1.497754000000000
1.116000000000000	1.540820000000000
1.117000000000000	1.496558000000000
1.118000000000000	1.452295000000000
1.119000000000000	1.448706000000000
1.120000000000000	1.449902000000000
1.121000000000000	1.441528000000000
1.122000000000000	1.431958000000000
1.123000000000000	1.409229000000000
1.124000000000000	1.392480000000000
1.125000000000000	1.408032000000000
1.126000000000000	1.388892000000000
1.127000000000000	1.428369000000000
1.128000000000000	1.398462000000000
1.129000000000000	1.378125000000000
1.130000000000000	1.354199000000000
1.131000000000000	1.331470000000000
1.132000000000000	1.327881000000000
1.133000000000000	1.296777000000000
1.134000000000000	1.257300000000000
1.135000000000000	1.270459000000000
1.136000000000000	1.265674000000000
1.137000000000000	1.230981000000000
1.138000000000000	1.187915000000000
1.139000000000000	1.198682000000000
1.140000000000000	1.183130000000000
1.141000000000000	1.162793000000000
1.142000000000000	1.168774000000000
1.143000000000000	1.134082000000000
1.144000000000000	1.110156000000000
1.145000000000000	1.119727000000000
1.146000000000000	1.076660000000000
1.147000000000000	1.081445000000000
1.148000000000000	1.038379000000000
1.149000000000000	1.070679000000000
1.150000000000000	1.006079000000000
1.151000000000000	0.947461000000000
1.152000000000000	0.963013000000000
1.153000000000000	0.933105000000000
1.154000000000000	0.910376000000000
1.155000000000000	0.891235000000000
1.156000000000000	0.911572000000000
1.157000000000000	0.863721000000000
1.158000000000000	0.851758000000000
1.159000000000000	0.862524000000000
1.160000000000000	0.826636000000000
1.161000000000000	0.788354000000000
1.162000000000000	0.790747000000000
1.163000000000000	0.799121000000000
1.164000000000000	0.747681000000000
1.165000000000000	0.764429000000000
1.166000000000000	0.728540000000000
1.167000000000000	0.681885000000000
1.168000000000000	0.649585000000000
1.169000000000000	0.663940000000000
1.170000000000000	0.592163000000000
1.171000000000000	0.588574000000000
1.172000000000000	0.595752000000000
1.173000000000000	0.599341000000000
1.174000000000000	0.576611000000000
1.175000000000000	0.618481000000000
1.176000000000000	0.547900000000000
1.177000000000000	0.535938000000000
1.178000000000000	0.543115000000000
1.179000000000000	0.544312000000000
1.180000000000000	0.482104000000000
1.181000000000000	0.470142000000000
1.182000000000000	0.480908000000000
1.183000000000000	0.490479000000000
1.184000000000000	0.439038000000000
1.185000000000000	0.405542000000000
1.186000000000000	0.403149000000000
1.187000000000000	0.384009000000000
1.188000000000000	0.362476000000000
1.189000000000000	0.373242000000000
1.190000000000000	0.372046000000000
1.191000000000000	0.389990000000000
1.192000000000000	0.349316000000000
1.193000000000000	0.382812000000000
1.194000000000000	0.354102000000000
1.195000000000000	0.312231000000000
1.196000000000000	0.294287000000000
1.197000000000000	0.318213000000000
1.198000000000000	0.297876000000000
1.199000000000000	0.254810000000000
1.200000000000000	0.263184000000000
1.201000000000000	0.218921000000000
1.202000000000000	0.221313000000000
1.203000000000000	0.183032000000000
1.204000000000000	0.179443000000000
1.205000000000000	0.199780000000000
1.206000000000000	0.199780000000000
1.207000000000000	0.189014000000000
1.208000000000000	0.173462000000000
1.209000000000000	0.196191000000000
1.210000000000000	0.183032000000000
1.211000000000000	0.179443000000000
1.212000000000000	0.157910000000000
1.213000000000000	0.167480000000000
1.214000000000000	0.156714000000000
1.215000000000000	0.175854000000000
1.216000000000000	0.143555000000000
1.217000000000000	0.161499000000000
1.218000000000000	0.173462000000000
1.219000000000000	0.197388000000000
1.220000000000000	0.206958000000000
1.221000000000000	0.293091000000000
1.222000000000000	0.288306000000000
1.223000000000000	0.312231000000000
1.224000000000000	0.404346000000000
1.225000000000000	0.455786000000000
1.226000000000000	0.507227000000000
1.227000000000000	0.553882000000000
1.228000000000000	0.595752000000000
1.229000000000000	0.698633000000000
1.230000000000000	0.726147000000000
1.231000000000000	0.845776000000000
1.232000000000000	0.900806000000000
1.233000000000000	1.039575000000000
1.234000000000000	1.119727000000000
1.235000000000000	1.263281000000000
1.236000000000000	1.361377000000000
1.237000000000000	1.514502000000000
1.238000000000000	1.630542000000000
1.239000000000000	1.747778000000000
1.240000000000000	1.886548000000000
1.241000000000000	2.070776000000000
1.242000000000000	2.146143000000000
1.243000000000000	2.323193000000000
1.244000000000000	2.476318000000000
1.245000000000000	2.612695000000000
1.246000000000000	2.733521000000000
1.247000000000000	2.853149000000000
1.248000000000000	2.977563000000000
1.249000000000000	3.142651000000000
1.250000000000000	3.245532000000000
1.251000000000000	3.417798000000000
1.252000000000000	3.513501000000000
1.253000000000000	3.679784999999999
1.254000000000000	3.768311000000000
1.255000000000000	3.872388000000000
1.256000000000000	4.029102000000000
1.257000000000000	4.133179000000000
1.258000000000000	4.224097000000000
1.259000000000000	4.371240000000000
1.260000000000000	4.465747000000000
1.261000000000000	4.571021000000000
1.262000000000000	4.691846000000000
1.263000000000000	4.792334000000000
1.264000000000000	4.835400000000000
1.265000000000000	4.946655000000000
1.266000000000000	4.992114000000000
1.267000000000000	5.072266000000000
1.268000000000000	5.225391000000000
1.269000000000000	5.313916000000000
1.270000000000000	5.463452000000000
1.271000000000000	5.586670000000000
1.272000000000000	5.743384000000000
1.273000000000000	5.840283000000000
1.274000000000000	5.971875000000000
1.275000000000000	6.145336999999999
1.276000000000000	6.280517999999999
1.277000000000000	6.414502000000000
1.278000000000000	6.544897000000000
1.279000000000000	6.707593000000000
1.280000000000000	6.828418000000000
1.281000000000000	7.011449999999999
1.282000000000000	7.097583000000001
1.283000000000000	7.208838000000000
1.284000000000000	7.350000000000000
1.285000000000000	7.442114000000000
1.286000000000000	7.578491000000000
1.287000000000000	7.693335000000000
1.288000000000000	7.806982000000000
1.289000000000000	7.917040999999999
1.290000000000000	8.006762999999999
1.291000000000000	8.112036000000000
1.292000000000000	8.228076000000000
1.293000000000000	8.339331000000000
1.294000000000000	8.411108000000001
1.295000000000000	8.551074000000000
1.296000000000000	8.659936999999999
1.297000000000000	8.744873000000000
1.298000000000000	8.880053999999999
1.299000000000000	8.982934999999999
1.300000000000000	9.139647999999999
1.301000000000000	9.225781000000000
1.302000000000000	9.371729000000000
1.303000000000000	9.482983000000001
1.304000000000000	9.597827000000001
1.305000000000000	9.715063000000001
1.306000000000000	9.851440000000000
1.307000000000000	9.956714000000000
1.308000000000000	10.071558000000000
1.309000000000000	10.184009000000000
1.310000000000000	10.297656000000000
1.311000000000000	10.369434000000000
1.312000000000000	10.450780999999999
1.313000000000000	10.554857999999999
1.314000000000000	10.658936000000001
1.315000000000000	10.745068000000000
1.316000000000000	10.802490000000001
1.317000000000000	10.869482000000000
1.318000000000000	10.948437999999999
1.319000000000000	11.029785000000000
1.320000000000000	11.088403000000000
1.321000000000000	11.147021000000001
1.322000000000000	11.227173000000001
1.323000000000000	11.281006000000000
1.324000000000000	11.325269000000000
1.325000000000000	11.376709000000000
1.326000000000000	11.406616000000000
1.327000000000000	11.461646000000000
1.328000000000000	11.511889999999999
1.329000000000000	11.534618999999999
1.330000000000000	11.612378000000000
1.331000000000000	11.641088999999999
1.332000000000000	11.665015000000000
1.333000000000000	11.693726000000000
1.334000000000000	11.704492000000000
1.335000000000000	11.714062999999999
1.336000000000000	11.736791999999999
1.337000000000000	11.749950999999999
1.338000000000000	11.720044000000000
1.339000000000000	11.749950999999999
1.340000000000000	11.764307000000001
1.341000000000000	11.754735999999999
1.342000000000000	11.765503000000001
1.343000000000000	11.724829000000000
1.344000000000000	11.742773000000000
1.345000000000000	11.749950999999999
1.346000000000000	11.766698999999999
1.347000000000000	11.721240000000000
1.348000000000000	11.703296000000000
1.349000000000000	11.657837000000001
1.350000000000000	11.647069999999999
1.351000000000000	11.593237000000000
1.352000000000000	11.554956000000001
1.353000000000000	11.521459999999999
1.354000000000000	11.466431000000000
1.355000000000000	11.414990000000000
1.356000000000000	11.393457000000000
1.357000000000000	11.304932000000001
1.358000000000000	11.270239000000000
1.359000000000000	11.191284000000000
1.360000000000000	11.123096000000000
1.361000000000000	11.081225999999999
1.362000000000000	11.017822000000001
1.363000000000000	10.902979000000000
1.364000000000000	10.843164000000000
1.365000000000000	10.772582999999999
1.366000000000000	10.703198000000000
1.367000000000000	10.608691000000000
1.368000000000000	10.532128999999999
1.369000000000000	10.460352000000000
1.370000000000000	10.382593000000000
1.371000000000000	10.328760000000001
1.372000000000000	10.258179000000000
1.373000000000000	10.200756999999999
1.374000000000000	10.081128000000000
1.375000000000000	10.041650000000001
1.376000000000000	9.992603000000001
1.377000000000000	9.876563000000001
1.378000000000000	9.810767000000000
1.379000000000000	9.762915000000000
1.380000000000000	9.661230000000000
1.381000000000000	9.572704999999999
1.382000000000000	9.518872000000000
1.383000000000000	9.425561999999999
1.384000000000000	9.378906000000001
1.385000000000000	9.266455000000001
1.386000000000000	9.197070000000000
1.387000000000000	9.137256000000001
1.388000000000000	9.039160000000001
1.389000000000000	8.939868000000001
1.390000000000000	8.868091000000000
1.391000000000000	8.804688000000001
1.392000000000000	8.753247000000000
1.393000000000000	8.674291999999999
1.394000000000000	8.619263000000000
1.395000000000000	8.512793000000000
1.396000000000000	8.460156000000000
1.397000000000000	8.399146000000000
1.398000000000000	8.315405000000000
1.399000000000000	8.250806000000001
1.400000000000000	8.187402000000001
1.401000000000000	8.131176999999999
1.402000000000000	8.034276999999999
1.403000000000000	8.005566000000000
1.404000000000000	7.927808000000000
1.405000000000000	7.863208000000000
1.406000000000000	7.791431000000001
1.407000000000000	7.751953000000001
1.408000000000000	7.716064000000000
1.409000000000000	7.687354000000000
1.410000000000000	7.595239000000001
1.411000000000000	7.553369000000000
1.412000000000000	7.509105999999999
1.413000000000000	7.432543999999999
1.414000000000000	7.352393000000000
1.415000000000000	7.324878000000000
1.416000000000000	7.274634000000000
1.417000000000000	7.194482000000001
1.418000000000000	7.121509000000000
1.419000000000000	7.062891000000000
1.420000000000000	7.016235000000000
1.421000000000000	6.954028000000000
1.422000000000000	6.872681000000001
1.423000000000000	6.812866000000001
1.424000000000000	6.794922000000000
1.425000000000000	6.700415000000000
1.426000000000000	6.709985000000000
1.427000000000000	6.634619000000000
1.428000000000000	6.552075000000001
1.429000000000000	6.526952999999999
1.430000000000000	6.491064000000000
1.431000000000000	6.451586999999999
1.432000000000000	6.403735000000001
1.433000000000000	6.383398000000000
1.434000000000000	6.415698000000000
1.435000000000000	6.445605000000001
1.436000000000000	6.504224000000001
1.437000000000000	6.573608000000001
1.438000000000000	6.659741000000000
1.439000000000000	6.749463000000001
1.440000000000000	6.841577000000000
1.441000000000000	6.882251000000000
1.442000000000000	6.965991000000000
1.443000000000000	7.073657000000000
1.444000000000000	7.194482000000001
1.445000000000000	7.257886000000000
1.446000000000000	7.326074000000000
1.447000000000000	7.451684999999999
1.448000000000000	7.501928999999999
1.449000000000000	7.588062000000001
1.450000000000000	7.615576000000000
1.451000000000000	7.718457000000001
1.452000000000000	7.768701000000000
1.453000000000000	7.859619000000000
1.454000000000000	7.926611000000000
1.455000000000000	8.041454999999999
1.456000000000000	8.110840000000000
1.457000000000000	8.151514000000001
1.458000000000000	8.255591000000001
1.459000000000000	8.315405000000000
1.460000000000000	8.377611999999999
1.461000000000000	8.443408000000000
1.462000000000000	8.504419000000000
1.463000000000000	8.565429999999999
1.464000000000000	8.657544000000000
1.465000000000000	8.630029000000000
1.466000000000000	8.730518000000000
1.467000000000000	8.784350999999999
1.468000000000000	8.850146000000001
1.469000000000000	8.880053999999999
1.470000000000000	8.919530999999999
1.471000000000000	9.005663999999999
1.472000000000000	8.982934999999999
1.473000000000000	9.020020000000001
1.474000000000000	9.085815000000000
1.475000000000000	9.125292999999999
1.476000000000000	9.165967000000000
1.477000000000000	9.204248000000000
1.478000000000000	9.230566000000000
1.479000000000000	9.268848000000000
1.480000000000000	9.293970000000000
1.481000000000000	9.322680999999999
1.482000000000000	9.371729000000000
1.483000000000000	9.398047000000000
1.484000000000000	9.366942999999999
1.485000000000000	9.383691000000001
1.486000000000000	9.413599000000000
1.487000000000000	9.386084000000000
1.488000000000000	9.424365000000000
1.489000000000000	9.437524000000000
1.490000000000000	9.431543000000000
1.491000000000000	9.417187999999999
1.492000000000000	9.432739000000000
1.493000000000000	9.414795000000000
1.494000000000000	9.402832000000000
1.495000000000000	9.384888000000000
1.496000000000000	9.354979999999999
1.497000000000000	9.331054999999999
1.498000000000000	9.290381000000000
1.499000000000000	9.252100000000000
1.500000000000000	9.181519000000000
1.501000000000000	9.159985000000001
1.502000000000000	9.122900000000000
1.503000000000000	9.047534000000001
1.504000000000000	8.964990000000000
1.505000000000000	8.933887000000000
1.506000000000000	8.870483000000000
1.507000000000000	8.828613000000001
1.508000000000000	8.738892000000000
1.509000000000000	8.700609999999999
1.510000000000000	8.636011000000000
1.511000000000000	8.527148000000000
1.512000000000000	8.439819000000000
1.513000000000000	8.358472000000001
1.514000000000000	8.296265000000000
1.515000000000000	8.174243000000001
1.516000000000000	8.070166000000000
1.517000000000000	7.960107000000000
1.518000000000000	7.840478999999999
1.519000000000000	7.749561000000000
1.520000000000000	7.601221000000000
1.521000000000000	7.524658000000000
1.522000000000000	7.389478000000001
1.523000000000000	7.292578000000000
1.524000000000000	7.231567000000000
1.525000000000000	7.095190000000000
1.526000000000000	6.981543000000001
1.527000000000000	6.867896000000000
1.528000000000000	6.773389000000000
1.529000000000000	6.639404000000000
1.530000000000000	6.507813000000000
1.531000000000000	6.424072000000001
1.532000000000000	6.296069000000000
1.533000000000000	6.201563000000000
1.534000000000000	6.086719000000000
1.535000000000000	5.945557000000001
1.536000000000000	5.874976000000000
1.537000000000000	5.755347000000000
1.538000000000000	5.627344000000000
1.539000000000000	5.504126000000000
1.540000000000000	5.432349000000000
1.541000000000000	5.334253000000000
1.542000000000000	5.232568000000000
1.543000000000000	5.148828000000000
1.544000000000000	5.051929000000000
1.545000000000000	4.955029000000000
1.546000000000000	4.854541000000000
1.547000000000000	4.740894000000000
1.548000000000000	4.663135000000000
1.549000000000000	4.567432000000000
1.550000000000000	4.469336000000000
1.551000000000000	4.337744000000000
1.552000000000000	4.262378000000000
1.553000000000000	4.197778000000000
1.554000000000000	4.096094000000000
1.555000000000000	3.993213000000000
1.556000000000000	3.959717000000000
1.557000000000000	3.865210000000000
1.558000000000000	3.823340000000000
1.559000000000000	3.737207000000000
1.560000000000000	3.630737000000000
1.561000000000000	3.548193000000000
1.562000000000000	3.494360000000000
1.563000000000000	3.409424000000000
1.564000000000000	3.373535000000000
1.565000000000000	3.268262000000000
1.566000000000000	3.195288000000000
1.567000000000000	3.136670000000000
1.568000000000000	3.033789000000000
1.569000000000000	2.973975000000000
1.570000000000000	2.897412000000000
1.571000000000000	2.837598000000000
1.572000000000000	2.789746000000000
1.573000000000000	2.721558000000000
1.574000000000000	2.644995000000000
1.575000000000000	2.623462000000000
1.576000000000000	2.589966000000000
1.577000000000000	2.496655000000000
1.578000000000000	2.445215000000000
1.579000000000000	2.406934000000000
1.580000000000000	2.380615000000000
1.581000000000000	2.298071000000000
1.582000000000000	2.241846000000000
1.583000000000000	2.207153000000000
1.584000000000000	2.135376000000000
1.585000000000000	2.071973000000000
1.586000000000000	2.027710000000000
1.587000000000000	1.994214000000000
1.588000000000000	1.929614000000000
1.589000000000000	1.915259000000000
1.590000000000000	1.859033000000000
1.591000000000000	1.831519000000000
1.592000000000000	1.783667000000000
1.593000000000000	1.770508000000000
1.594000000000000	1.709497000000000
1.595000000000000	1.686768000000000
1.596000000000000	1.667627000000000
1.597000000000000	1.612598000000000
1.598000000000000	1.544409000000000
1.599000000000000	1.507324000000000
1.600000000000000	1.481006000000000
1.601000000000000	1.437939000000000
1.602000000000000	1.423584000000000
1.603000000000000	1.391284000000000
1.604000000000000	1.348218000000000
1.605000000000000	1.289600000000000
1.606000000000000	1.300366000000000
1.607000000000000	1.295581000000000
1.608000000000000	1.225000000000000
1.609000000000000	1.203467000000000
1.610000000000000	1.217822000000000
1.611000000000000	1.172363000000000
1.612000000000000	1.136475000000000
1.613000000000000	1.095801000000000
1.614000000000000	1.108960000000000
1.615000000000000	1.080249000000000
1.616000000000000	1.055127000000000
1.617000000000000	1.003687000000000
1.618000000000000	0.994116000000000
1.619000000000000	0.941479000000000
1.620000000000000	0.942676000000000
1.621000000000000	0.927124000000000
1.622000000000000	0.911572000000000
1.623000000000000	0.896021000000000
1.624000000000000	0.839795000000000
1.625000000000000	0.835010000000000
1.626000000000000	0.858936000000000
1.627000000000000	0.826636000000000
1.628000000000000	0.795532000000000
1.629000000000000	0.775195000000000
1.630000000000000	0.787158000000000
1.631000000000000	0.745288000000000
1.632000000000000	0.704614000000000
1.633000000000000	0.723755000000000
1.634000000000000	0.686670000000000
1.635000000000000	0.678296000000000
1.636000000000000	0.666333000000000
1.637000000000000	0.642407000000000
1.638000000000000	0.605322000000000
1.639000000000000	0.632837000000000
1.640000000000000	0.582593000000000
1.641000000000000	0.588574000000000
1.642000000000000	0.593359000000000
1.643000000000000	0.592163000000000
1.644000000000000	0.564648000000000
1.645000000000000	0.531152000000000
1.646000000000000	0.543115000000000
1.647000000000000	0.516797000000000
1.648000000000000	0.510815000000000
1.649000000000000	0.482104000000000
1.650000000000000	0.465356000000000
1.651000000000000	0.456982000000000
1.652000000000000	0.411523000000000
1.653000000000000	0.413916000000000
1.654000000000000	0.455786000000000
1.655000000000000	0.406738000000000
1.656000000000000	0.367261000000000
1.657000000000000	0.393579000000000
1.658000000000000	0.381616000000000
1.659000000000000	0.388794000000000
1.660000000000000	0.382812000000000
1.661000000000000	0.333765000000000
1.662000000000000	0.331372000000000
1.663000000000000	0.327783000000000
1.664000000000000	0.325391000000000
1.665000000000000	0.322998000000000
1.666000000000000	0.288306000000000
1.667000000000000	0.299072000000000
1.668000000000000	0.281128000000000
1.669000000000000	0.240454000000000
1.670000000000000	0.256006000000000
1.671000000000000	0.240454000000000
1.672000000000000	0.227295000000000
1.673000000000000	0.278735000000000
1.674000000000000	0.239258000000000
1.675000000000000	0.211743000000000
1.676000000000000	0.193799000000000
1.677000000000000	0.259595000000000
1.678000000000000	0.217725000000000
1.679000000000000	0.199780000000000
1.680000000000000	0.180640000000000
1.681000000000000	0.204565000000000
1.682000000000000	0.172266000000000
1.683000000000000	0.153125000000000
1.684000000000000	0.183032000000000
1.685000000000000	0.145947000000000
1.686000000000000	0.118433000000000
1.687000000000000	0.099292000000000
1.688000000000000	0.150732000000000
1.689000000000000	0.089722000000000
1.690000000000000	0.150732000000000
1.691000000000000	0.128003000000000
1.692000000000000	0.128003000000000
1.693000000000000	0.139966000000000
1.694000000000000	0.139966000000000
1.695000000000000	0.094507000000000
1.696000000000000	0.118433000000000
1.697000000000000	0.116040000000000
1.698000000000000	0.086133000000000
1.699000000000000	0.086133000000000
1.700000000000000	0.063403000000000
1.701000000000000	0.075366000000000
1.702000000000000	0.043066000000000
1.703000000000000	0.064600000000000
1.704000000000000	0.072974000000000
1.705000000000000	0.034692000000000
1.706000000000000	0.071777000000000
1.707000000000000	0.065796000000000
1.708000000000000	0.096899000000000
1.709000000000000	0.045459000000000
1.710000000000000	0.076563000000000
1.711000000000000	0.072974000000000
1.712000000000000	0.078955000000000
1.713000000000000	0.056226000000000
1.714000000000000	0.039478000000000
1.715000000000000	0.069385000000000
1.716000000000000	0.019141000000000
1.717000000000000	0.037085000000000
1.718000000000000	0.000000000000000
1.719000000000000	0.035889000000000
1.720000000000000	0.005981000000000
1.721000000000000	0.025122000000000
1.722000000000000	0.025122000000000
1.723000000000000	0.055029000000000
1.724000000000000	0.002393000000000
1.725000000000000	0.053833000000000
1.726000000000000	0.037085000000000
1.727000000000000	0.004785000000000
1.728000000000000	0.047852000000000
1.729000000000000	0.072974000000000
1.730000000000000	0.035889000000000
1.731000000000000	0.039478000000000
1.732000000000000	0.009570000000000
1.733000000000000	0.000000000000000
1.734000000000000	0.000000000000000
1.735000000000000	0.014355000000000
1.736000000000000	0.000000000000000
1.737000000000000	0.000000000000000
1.738000000000000	0.000000000000000
1.739000000000000	0.016748000000000
1.740000000000000	0.011963000000000
1.741000000000000	0.002393000000000
1.742000000000000	0.021533000000000
1.743000000000000	0.029907000000000
1.744000000000000	0.022729000000000
1.745000000000000	0.016748000000000
1.746000000000000	0.008374000000000
1.747000000000000	0.001196000000000
1.748000000000000	0.007178000000000
1.749000000000000	0.001196000000000
1.750000000000000	0.027515000000000
1.751000000000000	0.000000000000000
1.752000000000000	0.019141000000000
1.753000000000000	0.000000000000000
1.754000000000000	0.000000000000000
1.755000000000000	0.016748000000000
1.756000000000000	0.000000000000000
1.757000000000000	0.000000000000000
1.758000000000000	0.009570000000000
1.759000000000000	0.007178000000000
1.760000000000000	0.004785000000000
1.761000000000000	0.034692000000000
1.762000000000000	0.035889000000000
1.763000000000000	0.000000000000000
1.764000000000000	0.000000000000000
1.765000000000000	0.000000000000000
1.766000000000000	0.001196000000000
1.767000000000000	0.010767000000000
1.768000000000000	0.000000000000000
1.769000000000000	0.000000000000000
1.770000000000000	0.000000000000000
1.771000000000000	0.000000000000000
1.772000000000000	0.000000000000000
1.773000000000000	0.000000000000000
1.774000000000000	0.016748000000000
1.775000000000000	0.000000000000000
1.776000000000000	0.010767000000000
1.777000000000000	0.000000000000000
1.778000000000000	0.003589000000000
1.779000000000000	0.015552000000000
1.780000000000000	0.002393000000000
1.781000000000000	0.000000000000000
1.782000000000000	0.000000000000000
1.783000000000000	0.007178000000000
1.784000000000000	0.000000000000000
1.785000000000000	0.000000000000000
1.786000000000000	0.000000000000000
1.787000000000000	0.000000000000000
1.788000000000000	0.002393000000000
1.789000000000000	0.000000000000000
1.790000000000000	0.000000000000000
1.791000000000000	0.000000000000000
1.792000000000000	0.000000000000000
1.793000000000000	0.000000000000000
1.794000000000000	0.000000000000000
1.795000000000000	0.003589000000000
1.796000000000000	0.000000000000000
1.797000000000000	0.015552000000000
1.798000000000000	0.014355000000000
1.799000000000000	0.002393000000000
1.800000000000000	0.000000000000000
1.801000000000000	0.004785000000000
1.802000000000000	0.000000000000000
1.803000000000000	0.000000000000000
1.804000000000000	0.000000000000000
1.805000000000000	0.000000000000000
1.806000000000000	0.000000000000000
1.807000000000000	0.001196000000000
1.808000000000000	0.021533000000000
1.809000000000000	0.009570000000000
1.810000000000000	0.000000000000000
1.811000000000000	0.001196000000000
1.812000000000000	0.007178000000000
1.813000000000000	0.002393000000000
1.814000000000000	0.000000000000000
1.815000000000000	0.001196000000000
1.816000000000000	0.017944000000000
1.817000000000000	0.000000000000000
1.818000000000000	0.000000000000000
1.819000000000000	0.000000000000000
1.820000000000000	0.000000000000000
1.821000000000000	0.000000000000000
1.822000000000000	0.000000000000000
1.823000000000000	0.000000000000000
1.824000000000000	0.000000000000000
1.825000000000000	0.014355000000000
1.826000000000000	0.000000000000000
1.827000000000000	0.000000000000000
1.828000000000000	0.020337000000000
1.829000000000000	0.011963000000000
1.830000000000000	0.000000000000000
1.831000000000000	0.000000000000000
1.832000000000000	0.000000000000000
1.833000000000000	0.000000000000000
1.834000000000000	0.000000000000000
1.835000000000000	0.000000000000000
1.836000000000000	0.004785000000000
1.837000000000000	0.000000000000000
1.838000000000000	0.000000000000000
1.839000000000000	0.001196000000000
1.840000000000000	0.000000000000000
1.841000000000000	0.009570000000000
1.842000000000000	0.013159000000000
1.843000000000000	0.003589000000000
1.844000000000000	0.015552000000000
1.845000000000000	0.019141000000000
1.846000000000000	0.000000000000000
1.847000000000000	0.000000000000000
1.848000000000000	0.000000000000000
1.849000000000000	0.000000000000000
1.850000000000000	0.000000000000000
1.851000000000000	0.000000000000000
1.852000000000000	0.015552000000000
1.853000000000000	0.000000000000000
1.854000000000000	0.000000000000000
1.855000000000000	0.000000000000000
1.856000000000000	0.000000000000000
1.857000000000000	0.004785000000000
1.858000000000000	0.000000000000000
1.859000000000000	0.023926000000000
1.860000000000000	0.005981000000000
1.861000000000000	0.026318000000000
1.862000000000000	0.000000000000000
1.863000000000000	0.000000000000000
1.864000000000000	0.002393000000000
1.865000000000000	0.001196000000000
1.866000000000000	0.000000000000000
1.867000000000000	0.000000000000000
1.868000000000000	0.000000000000000
1.869000000000000	0.000000000000000
1.870000000000000	0.000000000000000
1.871000000000000	0.002393000000000
1.872000000000000	0.025122000000000
1.873000000000000	0.000000000000000
1.874000000000000	0.000000000000000
1.875000000000000	0.014355000000000
1.876000000000000	0.019141000000000
1.877000000000000	0.003589000000000
1.878000000000000	0.000000000000000
1.879000000000000	0.023926000000000
1.880000000000000	0.027515000000000
1.881000000000000	0.005981000000000
1.882000000000000	0.014355000000000
1.883000000000000	0.000000000000000
1.884000000000000	0.000000000000000
1.885000000000000	0.000000000000000
1.886000000000000	0.000000000000000
1.887000000000000	0.000000000000000
1.888000000000000	0.000000000000000
1.889000000000000	0.000000000000000
1.890000000000000	0.000000000000000
1.891000000000000	0.000000000000000
1.892000000000000	0.017944000000000
1.893000000000000	0.010767000000000
1.894000000000000	0.027515000000000
1.895000000000000	0.020337000000000
1.896000000000000	0.000000000000000
1.897000000000000	0.000000000000000
1.898000000000000	0.000000000000000
1.899000000000000	0.013159000000000
1.900000000000000	0.000000000000000
1.901000000000000	0.000000000000000
1.902000000000000	0.000000000000000
1.903000000000000	0.000000000000000
1.904000000000000	0.000000000000000
1.905000000000000	0.000000000000000
1.906000000000000	0.008374000000000
1.907000000000000	0.014355000000000
1.908000000000000	0.000000000000000
1.909000000000000	0.000000000000000
1.910000000000000	0.033496000000000
1.911000000000000	0.007178000000000
1.912000000000000	0.001196000000000
1.913000000000000	0.025122000000000
1.914000000000000	0.003589000000000
1.915000000000000	0.000000000000000
1.916000000000000	0.000000000000000
1.917000000000000	0.002393000000000
1.918000000000000	0.000000000000000
1.919000000000000	0.000000000000000
1.920000000000000	0.000000000000000
1.921000000000000	0.000000000000000
1.922000000000000	0.014355000000000
1.923000000000000	0.013159000000000
1.924000000000000	0.000000000000000
1.925000000000000	0.005981000000000
1.926000000000000	0.000000000000000
1.927000000000000	0.004785000000000
1.928000000000000	0.000000000000000
1.929000000000000	0.017944000000000
1.930000000000000	0.011963000000000
1.931000000000000	0.001196000000000
1.932000000000000	0.000000000000000
1.933000000000000	0.014355000000000
1.934000000000000	0.031104000000000
1.935000000000000	0.000000000000000
1.936000000000000	0.015552000000000
1.937000000000000	0.000000000000000
1.938000000000000	0.037085000000000
1.939000000000000	0.004785000000000
1.940000000000000	0.000000000000000
1.941000000000000	0.000000000000000
1.942000000000000	0.000000000000000
1.943000000000000	0.000000000000000
1.944000000000000	0.011963000000000
1.945000000000000	0.003589000000000
1.946000000000000	0.037085000000000
1.947000000000000	0.003589000000000
1.948000000000000	0.021533000000000
1.949000000000000	0.000000000000000
1.950000000000000	0.010767000000000
1.951000000000000	0.000000000000000
1.952000000000000	0.000000000000000
1.953000000000000	0.003589000000000
1.954000000000000	0.000000000000000
1.955000000000000	0.000000000000000
1.956000000000000	0.000000000000000
1.957000000000000	0.016748000000000
1.958000000000000	0.000000000000000
1.959000000000000	0.007178000000000
1.960000000000000	0.027515000000000
1.961000000000000	0.010767000000000
1.962000000000000	0.031104000000000
1.963000000000000	0.013159000000000
1.964000000000000	0.002393000000000
1.965000000000000	0.000000000000000
1.966000000000000	0.045459000000000
1.967000000000000	0.000000000000000
1.968000000000000	0.005981000000000
1.969000000000000	0.027515000000000
1.970000000000000	0.000000000000000
1.971000000000000	0.000000000000000
1.972000000000000	0.013159000000000
1.973000000000000	0.032300000000000
1.974000000000000	0.001196000000000
1.975000000000000	0.000000000000000
1.976000000000000	0.026318000000000
1.977000000000000	0.011963000000000
1.978000000000000	0.026318000000000
1.979000000000000	0.026318000000000
1.980000000000000	0.020337000000000
1.981000000000000	0.025122000000000
1.982000000000000	0.008374000000000
1.983000000000000	0.002393000000000
1.984000000000000	0.000000000000000
1.985000000000000	0.000000000000000
1.986000000000000	0.000000000000000
1.987000000000000	0.000000000000000
1.988000000000000	0.000000000000000
1.989000000000000	0.000000000000000
1.990000000000000	0.000000000000000
1.991000000000000	0.005981000000000
1.992000000000000	0.000000000000000
1.993000000000000	0.000000000000000
1.994000000000000	0.011963000000000
1.995000000000000	0.004785000000000
1.996000000000000	0.002393000000000
1.997000000000000	0.038281000000000
1.998000000000000	0.007178000000000
1.999000000000000	0.045459000000000
2.000000000000000	0.015552000000000