Force produced by a submaximally-activated cat soleus muscle in vivo while
applying length changes of maximum amplitude 8.0 mm and a random stimulation
signal with a mean frequency of 30 Hz. Experimental data was provided by T.G.
Sandercock [1]. Please refer to Millard et al. [2] for details.

References:
    1. Perreault, E.J., Heckman, C.J., and Sandercock, T.G., 2003. "Hill
       muscle model errors during movement are greatest within the
       physiologically relevant range of motor unit firing rates". Journal
       of Biomechanics, 36(2), pp. 211--218.
       http://dx.doi.org/10.1016/S0021-9290(02)00332-9.
    2. Millard, M., Uchida, T., Seth, A., and Delp, S.L., 2013. "Flexing
       computational muscle: Modeling and simulation of musculotendon
       dynamics". ASME Journal of Biomechanical Engineering, 135(2),
       p. 021013 (11 pages). http://dx.doi.org/10.1115/1.4023390.

endheader
time_s	force_N
0.000000000000000	0.000000000000000
0.001000000000000	0.000000000000000
0.002000000000000	0.000000000000000
0.003000000000000	0.000000000000000
0.004000000000000	0.001196000000000
0.005000000000000	0.000000000000000
0.006000000000000	0.001196000000000
0.007000000000000	0.000000000000000
0.008000000000000	0.000000000000000
0.009000000000000	0.000000000000000
0.010000000000000	0.003589000000000
0.011000000000000	0.019141000000000
0.012000000000000	0.000000000000000
0.013000000000000	0.010767000000000
0.014000000000000	0.000000000000000
0.015000000000000	0.000000000000000
0.016000000000000	0.000000000000000
0.017000000000000	0.005981000000000
0.018000000000000	0.016748000000000
0.019000000000000	0.000000000000000
0.020000000000000	0.000000000000000
0.021000000000000	0.008374000000000
0.022000000000000	0.000000000000000
0.023000000000000	0.000000000000000
0.024000000000000	0.000000000000000
0.025000000000000	0.020337000000000
0.026000000000000	0.001196000000000
0.027000000000000	0.000000000000000
0.028000000000000	0.001196000000000
0.029000000000000	0.000000000000000
0.030000000000000	0.000000000000000
0.031000000000000	0.002393000000000
0.032000000000000	0.026318000000000
0.033000000000000	0.002393000000000
0.034000000000000	0.000000000000000
0.035000000000000	0.000000000000000
0.036000000000000	0.000000000000000
0.037000000000000	0.009570000000000
0.038000000000000	0.000000000000000
0.039000000000000	0.003589000000000
0.040000000000000	0.000000000000000
0.041000000000000	0.000000000000000
0.042000000000000	0.019141000000000
0.043000000000000	0.026318000000000
0.044000000000000	0.000000000000000
0.045000000000000	0.022729000000000
0.046000000000000	0.008374000000000
0.047000000000000	0.000000000000000
0.048000000000000	0.014355000000000
0.049000000000000	0.000000000000000
0.050000000000000	0.007178000000000
0.051000000000000	0.000000000000000
0.052000000000000	0.000000000000000
0.053000000000000	0.000000000000000
0.054000000000000	0.000000000000000
0.055000000000000	0.000000000000000
0.056000000000000	0.000000000000000
0.057000000000000	0.028711000000000
0.058000000000000	0.002393000000000
0.059000000000000	0.000000000000000
0.060000000000000	0.007178000000000
0.061000000000000	0.000000000000000
0.062000000000000	0.015552000000000
0.063000000000000	0.000000000000000
0.064000000000000	0.021533000000000
0.065000000000000	0.000000000000000
0.066000000000000	0.000000000000000
0.067000000000000	0.003589000000000
0.068000000000000	0.000000000000000
0.069000000000000	0.000000000000000
0.070000000000000	0.000000000000000
0.071000000000000	0.000000000000000
0.072000000000000	0.020337000000000
0.073000000000000	0.000000000000000
0.074000000000000	0.000000000000000
0.075000000000000	0.002393000000000
0.076000000000000	0.004785000000000
0.077000000000000	0.000000000000000
0.078000000000000	0.031104000000000
0.079000000000000	0.000000000000000
0.080000000000000	0.000000000000000
0.081000000000000	0.000000000000000
0.082000000000000	0.000000000000000
0.083000000000000	0.000000000000000
0.084000000000000	0.010767000000000
0.085000000000000	0.000000000000000
0.086000000000000	0.000000000000000
0.087000000000000	0.000000000000000
0.088000000000000	0.000000000000000
0.089000000000000	0.000000000000000
0.090000000000000	0.000000000000000
0.091000000000000	0.000000000000000
0.092000000000000	0.000000000000000
0.093000000000000	0.013159000000000
0.094000000000000	0.000000000000000
0.095000000000000	0.000000000000000
0.096000000000000	0.000000000000000
0.097000000000000	0.000000000000000
0.098000000000000	0.000000000000000
0.099000000000000	0.000000000000000
0.100000000000000	0.001196000000000
0.101000000000000	0.000000000000000
0.102000000000000	0.000000000000000
0.103000000000000	0.000000000000000
0.104000000000000	0.020337000000000
0.105000000000000	0.000000000000000
0.106000000000000	0.002393000000000
0.107000000000000	0.000000000000000
0.108000000000000	0.000000000000000
0.109000000000000	0.058618000000000
0.110000000000000	0.065796000000000
0.111000000000000	0.044263000000000
0.112000000000000	0.110059000000000
0.113000000000000	0.099292000000000
0.114000000000000	0.142358000000000
0.115000000000000	0.211743000000000
0.116000000000000	0.257202000000000
0.117000000000000	0.240454000000000
0.118000000000000	0.314624000000000
0.119000000000000	0.309839000000000
0.120000000000000	0.436646000000000
0.121000000000000	0.428271000000000
0.122000000000000	0.509619000000000
0.123000000000000	0.522778000000000
0.124000000000000	0.577808000000000
0.125000000000000	0.605322000000000
0.126000000000000	0.687866000000000
0.127000000000000	0.745288000000000
0.128000000000000	0.800317000000000
0.129000000000000	0.851758000000000
0.130000000000000	0.884058000000000
0.131000000000000	0.930713000000000
0.132000000000000	1.018042000000000
0.133000000000000	1.055127000000000
0.134000000000000	1.122119000000000
0.135000000000000	1.198682000000000
0.136000000000000	1.280029000000000
0.137000000000000	1.345825000000000
0.138000000000000	1.396069000000000
0.139000000000000	1.446313000000000
0.140000000000000	1.522876000000000
0.141000000000000	1.598242000000000
0.142000000000000	1.667627000000000
0.143000000000000	1.754956000000000
0.144000000000000	1.811182000000000
0.145000000000000	1.835107000000000
0.146000000000000	1.886548000000000
0.147000000000000	1.972681000000000
0.148000000000000	2.031299000000000
0.149000000000000	2.107861000000000
0.150000000000000	2.154517000000000
0.151000000000000	2.202368000000000
0.152000000000000	2.310034000000000
0.153000000000000	2.373438000000000
0.154000000000000	2.457178000000000
0.155000000000000	2.628247000000000
0.156000000000000	2.801709000000000
0.157000000000000	2.981152000000000
0.158000000000000	3.162988000000000
0.159000000000000	3.354395000000000
0.160000000000000	3.558960000000000
0.161000000000000	3.818555000000000
0.162000000000000	4.027905000000000
0.163000000000000	4.268359000000000
0.164000000000000	4.541113000000000
0.165000000000000	4.812671000000000
0.166000000000000	5.080640000000000
0.167000000000000	5.365356000000000
0.168000000000000	5.641699000000000
0.169000000000000	5.890527000000000
0.170000000000000	6.243433000000000
0.171000000000000	6.494653000000000
0.172000000000000	6.834399000000000
0.173000000000000	7.174146000000000
0.174000000000000	7.461255000000000
0.175000000000000	7.833301000000000
0.176000000000000	8.190991000000000
0.177000000000000	8.533130000000000
0.178000000000000	8.895605000000000
0.179000000000000	9.211425999999999
0.180000000000000	9.581079000000001
0.181000000000000	9.948340000000000
0.182000000000000	10.300049000000000
0.183000000000000	10.636206000000000
0.184000000000000	10.966381999999999
0.185000000000000	11.291772000000000
0.186000000000000	11.620752000000000
0.187000000000000	11.973656999999999
0.188000000000000	12.284692000000000
0.189000000000000	12.602905000000000
0.190000000000000	12.881641000000000
0.191000000000000	13.154395000000001
0.192000000000000	13.455859000000000
0.193000000000000	13.788427999999998
0.194000000000000	14.140137000000001
0.195000000000000	14.539697000000002
0.196000000000000	14.921313000000000
0.197000000000000	15.332837000000000
0.198000000000000	15.785034000000000
0.199000000000000	16.228857000000001
0.200000000000000	16.642772999999998
0.201000000000000	17.079419000000001
0.202000000000000	17.550757000000001
0.203000000000000	18.006543000000001
0.204000000000000	18.459937000000000
0.205000000000000	18.847534000000000
0.206000000000000	19.229150000000001
0.207000000000000	19.665796000000000
0.208000000000000	20.005541999999998
0.209000000000000	20.322558999999998
0.210000000000000	20.594116000000000
0.211000000000000	20.890796000000002
0.212000000000000	21.155176000000001
0.213000000000000	21.376488999999999
0.214000000000000	21.619336000000001
0.215000000000000	21.855004999999998
0.216000000000000	22.048804000000001
0.217000000000000	22.218677000000000
0.218000000000000	22.402905000000001
0.219000000000000	22.501000999999999
0.220000000000000	22.633789000000000
0.221000000000000	22.800073000000001
0.222000000000000	22.956786999999998
0.223000000000000	23.084790000000002
0.224000000000000	23.173314999999999
0.225000000000000	23.357544000000001
0.226000000000000	23.499901999999999
0.227000000000000	23.647046000000000
0.228000000000000	23.724805000000000
0.229000000000000	23.816918999999999
0.230000000000000	23.881519000000001
0.231000000000000	23.948511000000000
0.232000000000000	23.991576999999999
0.233000000000000	24.001147000000000
0.234000000000000	24.004736000000001
0.235000000000000	23.970044000000001
0.236000000000000	23.926977999999998
0.237000000000000	23.854004000000000
0.238000000000000	23.727197000000000
0.239000000000000	23.614746000000000
0.240000000000000	23.489135999999998
0.241000000000000	23.325244000000001
0.242000000000000	23.155370999999999
0.243000000000000	23.017797999999999
0.244000000000000	22.812035999999999
0.245000000000000	22.645752000000002
0.246000000000000	22.496216000000000
0.247000000000000	22.323950000000000
0.248000000000000	22.142113999999999
0.249000000000000	21.886108000000000
0.250000000000000	21.564306999999999
0.251000000000000	21.249683000000001
0.252000000000000	20.890796000000002
0.253000000000000	20.482861000000000
0.254000000000000	20.079712000000001
0.255000000000000	19.678954999999998
0.256000000000000	19.182494999999999
0.257000000000000	18.712354000000001
0.258000000000000	18.197949000000001
0.259000000000000	17.641674999999999
0.260000000000000	17.092578000000000
0.261000000000000	16.494433999999998
0.262000000000000	15.917821999999999
0.263000000000000	15.307715000000000
0.264000000000000	14.740674000000000
0.265000000000000	14.164062999999999
0.266000000000000	13.626929000000001
0.267000000000000	13.070654000000001
0.268000000000000	12.472510000000000
0.269000000000000	11.944946000000000
0.270000000000000	11.410204999999999
0.271000000000000	10.877856000000000
0.272000000000000	10.327563000000000
0.273000000000000	9.795215000000001
0.274000000000000	9.308325000000000
0.275000000000000	8.841772000000001
0.276000000000000	8.357275000000000
0.277000000000000	7.939771000000000
0.278000000000000	7.491161999999999
0.279000000000000	7.114331000000001
0.280000000000000	6.684862999999999
0.281000000000000	6.308032000000001
0.282000000000000	5.951538000000000
0.283000000000000	5.626147000000000
0.284000000000000	5.297168000000000
0.285000000000000	5.001685000000000
0.286000000000000	4.720557000000000
0.287000000000000	4.463354000000000
0.288000000000000	4.232471000000000
0.289000000000000	4.031494000000000
0.290000000000000	3.832910000000000
0.291000000000000	3.671411000000000
0.292000000000000	3.464453000000000
0.293000000000000	3.340039000000000
0.294000000000000	3.161792000000000
0.295000000000000	3.061304000000000
0.296000000000000	2.921338000000000
0.297000000000000	2.781372000000000
0.298000000000000	2.654565000000000
0.299000000000000	2.569629000000000
0.300000000000000	2.441626000000000
0.301000000000000	2.372241000000000
0.302000000000000	2.298071000000000
0.303000000000000	2.201172000000000
0.304000000000000	2.138965000000000
0.305000000000000	2.122217000000000
0.306000000000000	2.063599000000000
0.307000000000000	2.008569000000000
0.308000000000000	1.940381000000000
0.309000000000000	1.887744000000000
0.310000000000000	1.878174000000000
0.311000000000000	1.865015000000000
0.312000000000000	1.777686000000000
0.313000000000000	1.745386000000000
0.314000000000000	1.709497000000000
0.315000000000000	1.689160000000000
0.316000000000000	1.668823000000000
0.317000000000000	1.673608000000000
0.318000000000000	1.710693000000000
0.319000000000000	1.715479000000000
0.320000000000000	1.717871000000000
0.321000000000000	1.710693000000000
0.322000000000000	1.745386000000000
0.323000000000000	1.798022000000000
0.324000000000000	1.804004000000000
0.325000000000000	1.876978000000000
0.326000000000000	1.878174000000000
0.327000000000000	1.917651000000000
0.328000000000000	1.926025000000000
0.329000000000000	1.948755000000000
0.330000000000000	2.010962000000000
0.331000000000000	2.010962000000000
0.332000000000000	2.046851000000000
0.333000000000000	2.091113000000000
0.334000000000000	2.140161000000000
0.335000000000000	2.180835000000000
0.336000000000000	2.211938000000000
0.337000000000000	2.265771000000000
0.338000000000000	2.357886000000000
0.339000000000000	2.369849000000000
0.340000000000000	2.457178000000000
0.341000000000000	2.528955000000000
0.342000000000000	2.586377000000000
0.343000000000000	2.637817000000000
0.344000000000000	2.734717000000000
0.345000000000000	2.816064000000000
0.346000000000000	2.878271000000000
0.347000000000000	2.984741000000000
0.348000000000000	3.104370000000000
0.349000000000000	3.256299000000000
0.350000000000000	3.429761000000000
0.351000000000000	3.563745000000000
0.352000000000000	3.743188000000000
0.353000000000000	3.925024000000000
0.354000000000000	4.090112000000000
0.355000000000000	4.350903000000000
0.356000000000000	4.548291000000000
0.357000000000000	4.769604000000000
0.358000000000000	4.992114000000000
0.359000000000000	5.196680000000000
0.360000000000000	5.492163000000000
0.361000000000000	5.749365000000000
0.362000000000000	6.016138000000000
0.363000000000000	6.286499000000000
0.364000000000000	6.587964000000001
0.365000000000000	6.940869000000001
0.366000000000000	7.216016000000000
0.367000000000000	7.544994999999999
0.368000000000000	7.879955999999999
0.369000000000000	8.244824000000000
0.370000000000000	8.616870000000001
0.371000000000000	8.955420000000000
0.372000000000000	9.335839999999999
0.373000000000000	9.609790000000000
0.374000000000000	9.941162000000000
0.375000000000000	10.272534000000000
0.376000000000000	10.660132000000001
0.377000000000000	11.033374000000000
0.378000000000000	11.418578999999999
0.379000000000000	11.846850999999999
0.380000000000000	12.278710999999999
0.381000000000000	12.714160000000000
0.382000000000000	13.238134999999998
0.383000000000000	13.731006000000001
0.384000000000000	14.213110000000000
0.385000000000000	14.714354999999998
0.386000000000000	15.203638000000002
0.387000000000000	15.670189999999998
0.388000000000000	16.140332000000001
0.389000000000000	16.575780999999999
0.390000000000000	16.976538000000001
0.391000000000000	17.377295000000000
0.392000000000000	17.711060000000000
0.393000000000000	18.011327999999999
0.394000000000000	18.366626000000000
0.395000000000000	18.617847000000001
0.396000000000000	18.879833999999999
0.397000000000000	19.105933000000000
0.398000000000000	19.354761000000000
0.399000000000000	19.543773999999999
0.400000000000000	19.704077000000002
0.401000000000000	19.833276000000001
0.402000000000000	19.945727999999999
0.403000000000000	20.034253000000000
0.404000000000000	20.117992999999998
0.405000000000000	20.200537000000001
0.406000000000000	20.341698999999998
0.407000000000000	20.585742000000000
0.408000000000000	20.917114000000002
0.409000000000000	21.323853000000000
0.410000000000000	21.640868999999999
0.411000000000000	22.036840999999999
0.412000000000000	22.374193999999999
0.413000000000000	22.735474000000000
0.414000000000000	23.144604000000001
0.415000000000000	23.554932000000001
0.416000000000000	23.877929999999999
0.417000000000000	24.217676000000001
0.418000000000000	24.434204000000001
0.419000000000000	24.672266000000000
0.420000000000000	24.800269000000000
0.421000000000000	24.919896999999999
0.422000000000000	24.992871000000001
0.423000000000000	25.016797000000000
0.424000000000000	24.996459999999999
0.425000000000000	25.010815000000001
0.426000000000000	24.977319000000001
0.427000000000000	24.931860000000000
0.428000000000000	24.939038000000000
0.429000000000000	24.910326999999999
0.430000000000000	24.805053999999998
0.431000000000000	24.770361000000001
0.432000000000000	24.671068999999999
0.433000000000000	24.550243999999999
0.434000000000000	24.387549000000000
0.435000000000000	24.265526999999999
0.436000000000000	24.141113000000001
0.437000000000000	24.017896000000000
0.438000000000000	23.815722999999998
0.439000000000000	23.710449000000001
0.440000000000000	23.565698000000001
0.441000000000000	23.461621000000001
0.442000000000000	23.301317999999998
0.443000000000000	23.200830000000000
0.444000000000000	23.027367999999999
0.445000000000000	22.844335999999998
0.446000000000000	22.627808000000002
0.447000000000000	22.463916000000001
0.448000000000000	22.283276000000001
0.449000000000000	22.083496000000000
0.450000000000000	21.882520000000000
0.451000000000000	21.705469000000001
0.452000000000000	21.548755000000000
0.453000000000000	21.473389000000001
0.454000000000000	21.408788999999999
0.455000000000000	21.353760000000001
0.456000000000000	21.358544999999999
0.457000000000000	21.345386000000001
0.458000000000000	21.326245000000000
0.459000000000000	21.326245000000000
0.460000000000000	21.356152000000002
0.461000000000000	21.333423000000000
0.462000000000000	21.268823000000001
0.463000000000000	21.234131000000001
0.464000000000000	21.165942000000001
0.465000000000000	21.096558000000002
0.466000000000000	20.987694999999999
0.467000000000000	20.842943999999999
0.468000000000000	20.675464000000002
0.469000000000000	20.492432000000001
0.470000000000000	20.287866000000001
0.471000000000000	20.137134000000000
0.472000000000000	19.978027000000001
0.473000000000000	19.867968999999999
0.474000000000000	19.725610000000000
0.475000000000000	19.549755999999999
0.476000000000000	19.305713000000001
0.477000000000000	19.055688000000000
0.478000000000000	18.733886999999999
0.479000000000000	18.392944000000000
0.480000000000000	18.001757999999999
0.481000000000000	17.666796999999999
0.482000000000000	17.207422000000001
0.483000000000000	16.780346999999999
0.484000000000000	16.319775000000000
0.485000000000000	15.830492999999999
0.486000000000000	15.331640999999999
0.487000000000000	14.794506999999999
0.488000000000000	14.325561999999998
0.489000000000000	13.762109000000002
0.490000000000000	13.277612000000000
0.491000000000000	12.778760000000000
0.492000000000000	12.283496000000000
0.493000000000000	11.767896000000000
0.494000000000000	11.258276000000000
0.495000000000000	10.746264999999999
0.496000000000000	10.167261000000000
0.497000000000000	9.682764000000001
0.498000000000000	9.146826000000001
0.499000000000000	8.657544000000000
0.500000000000000	8.155103000000000
0.501000000000000	7.693335000000000
0.502000000000000	7.227979000000000
0.503000000000000	6.768603999999999
0.504000000000000	6.369043000000000
0.505000000000000	5.977856000000000
0.506000000000000	5.586670000000000
0.507000000000000	5.238550000000000
0.508000000000000	4.874878000000000
0.509000000000000	4.535132000000000
0.510000000000000	4.184619000000000
0.511000000000000	3.908276000000000
0.512000000000000	3.635522000000000
0.513000000000000	3.375928000000000
0.514000000000000	3.174951000000000
0.515000000000000	2.991919000000000
0.516000000000000	2.804102000000000
0.517000000000000	2.671313000000000
0.518000000000000	2.534937000000000
0.519000000000000	2.387793000000000
0.520000000000000	2.269360000000000
0.521000000000000	2.192798000000000
0.522000000000000	2.119824000000000
0.523000000000000	2.015747000000000
0.524000000000000	1.932007000000000
0.525000000000000	1.890137000000000
0.526000000000000	1.777686000000000
0.527000000000000	1.740601000000000
0.528000000000000	1.613794000000000
0.529000000000000	1.555176000000000
0.530000000000000	1.506128000000000
0.531000000000000	1.417603000000000
0.532000000000000	1.405640000000000
0.533000000000000	1.361377000000000
0.534000000000000	1.302759000000000
0.535000000000000	1.247729000000000
0.536000000000000	1.277637000000000
0.537000000000000	1.223804000000000
0.538000000000000	1.272852000000000
0.539000000000000	1.253711000000000
0.540000000000000	1.240552000000000
0.541000000000000	1.266870000000000
0.542000000000000	1.239355000000000
0.543000000000000	1.264478000000000
0.544000000000000	1.283618000000000
0.545000000000000	1.294385000000000
0.546000000000000	1.321899000000000
0.547000000000000	1.363770000000000
0.548000000000000	1.375732000000000
0.549000000000000	1.404443000000000
0.550000000000000	1.421191000000000
0.551000000000000	1.447510000000000
0.552000000000000	1.452295000000000
0.553000000000000	1.477417000000000
0.554000000000000	1.488184000000000
0.555000000000000	1.500146000000000
0.556000000000000	1.531250000000000
0.557000000000000	1.545605000000000
0.558000000000000	1.537231000000000
0.559000000000000	1.562354000000000
0.560000000000000	1.567139000000000
0.561000000000000	1.581494000000000
0.562000000000000	1.586279000000000
0.563000000000000	1.622168000000000
0.564000000000000	1.605420000000000
0.565000000000000	1.617383000000000
0.566000000000000	1.647290000000000
0.567000000000000	1.661646000000000
0.568000000000000	1.680786000000000
0.569000000000000	1.689160000000000
0.570000000000000	1.771704000000000
0.571000000000000	1.837500000000000
0.572000000000000	1.890137000000000
0.573000000000000	1.983447000000000
0.574000000000000	2.062402000000000
0.575000000000000	2.132983000000000
0.576000000000000	2.199976000000000
0.577000000000000	2.274146000000000
0.578000000000000	2.379419000000000
0.579000000000000	2.451196000000000
0.580000000000000	2.503833000000000
0.581000000000000	2.610303000000000
0.582000000000000	2.708398000000000
0.583000000000000	2.786157000000000
0.584000000000000	2.865112000000000
0.585000000000000	2.967993000000000
0.586000000000000	3.031396000000000
0.587000000000000	3.110352000000000
0.588000000000000	3.196484000000000
0.589000000000000	3.285010000000001
0.590000000000000	3.354395000000000
0.591000000000000	3.444116000000000
0.592000000000000	3.552979000000000
0.593000000000000	3.657056000000000
0.594000000000000	3.765918000000000
0.595000000000000	3.812573000000000
0.596000000000000	3.952539000000000
0.597000000000000	4.009961000000000
0.598000000000000	4.124805000000000
0.599000000000000	4.195386000000000
0.600000000000000	4.319800000000000
0.601000000000000	4.365259000000000
0.602000000000000	4.504028000000000
0.603000000000000	4.638013000000000
0.604000000000000	4.789941000000000
0.605000000000000	4.885645000000000
0.606000000000000	5.083032000000000
0.607000000000000	5.213428000000000
0.608000000000000	5.378516000000000
0.609000000000000	5.524463000000000
0.610000000000000	5.705103000000000
0.611000000000000	5.915649000000000
0.612000000000000	6.062793000000000
0.613000000000000	6.236255000000000
0.614000000000000	6.452783000000000
0.615000000000000	6.652563000000000
0.616000000000000	6.890625000000001
0.617000000000000	7.115527000000000
0.618000000000000	7.353589000000000
0.619000000000000	7.544994999999999
0.620000000000000	7.780664000000001
0.621000000000000	8.073755000000000
0.622000000000000	8.287891000000000
0.623000000000000	8.529541000000000
0.624000000000000	8.780761999999999
0.625000000000000	9.004467999999999
0.626000000000000	9.266455000000001
0.627000000000000	9.480591000000000
0.628000000000000	9.692334000000001
0.629000000000000	9.920825000000001
0.630000000000000	10.128978999999999
0.631000000000000	10.319189000000000
0.632000000000000	10.575195000000001
0.633000000000000	10.751049999999999
0.634000000000000	10.914941000000001
0.635000000000000	11.091991999999999
0.636000000000000	11.292968999999999
0.637000000000000	11.462842000000000
0.638000000000000	11.639893000000001
0.639000000000000	11.766698999999999
0.640000000000000	11.906665000000000
0.641000000000000	12.031079000000000
0.642000000000000	12.171044999999999
0.643000000000000	12.294263000000001
0.644000000000000	12.386377000000000
0.645000000000000	12.454565000000001
0.646000000000000	12.535913000000001
0.647000000000000	12.594531000000000
0.648000000000000	12.698608000000002
0.649000000000000	12.762012000000000
0.650000000000000	12.820629999999998
0.651000000000000	12.872070000000003
0.652000000000000	12.898389000000000
0.653000000000000	12.935473999999999
0.654000000000000	12.990503000000000
0.655000000000000	13.020410000000000
0.656000000000000	13.063477000000002
0.657000000000000	13.061083999999999
0.658000000000000	13.057494999999999
0.659000000000000	13.038354000000000
0.660000000000000	13.033569000000002
0.661000000000000	13.038354000000000
0.662000000000000	13.039550999999999
0.663000000000000	12.988110000000001
0.664000000000000	12.970166000000001
0.665000000000000	12.906763000000000
0.666000000000000	12.858911000000001
0.667000000000000	12.825415000000001
0.668000000000000	12.785938000000000
0.669000000000000	12.723730000000002
0.670000000000000	12.645971999999999
0.671000000000000	12.589746000000000
0.672000000000000	12.521558000000001
0.673000000000000	12.442603000000000
0.674000000000000	12.410303000000001
0.675000000000000	12.418677000000001
0.676000000000000	12.383984000000000
0.677000000000000	12.411498999999999
0.678000000000000	12.369629000000000
0.679000000000000	12.350488000000000
0.680000000000000	12.352881000000000
0.681000000000000	12.348096000000000
0.682000000000000	12.391162000000000
0.683000000000000	12.385180999999999
0.684000000000000	12.364844000000000
0.685000000000000	12.367236000000000
0.686000000000000	12.372021000000000
0.687000000000000	12.387573000000000
0.688000000000000	12.345703000000000
0.689000000000000	12.373218000000000
0.690000000000000	12.355273000000000
0.691000000000000	12.339722000000000
0.692000000000000	12.314600000000000
0.693000000000000	12.327759000000000
0.694000000000000	12.307422000000001
0.695000000000000	12.316992000000001
0.696000000000000	12.299048000000001
0.697000000000000	12.248804000000000
0.698000000000000	12.252393000000000
0.699000000000000	12.204541000000001
0.700000000000000	12.162671000000000
0.701000000000000	12.090894000000000
0.702000000000000	12.060986000000000
0.703000000000000	11.985620000000001
0.704000000000000	11.927002000000000
0.705000000000000	11.836084000000000
0.706000000000000	11.779858000000001
0.707000000000000	11.733203000000000
0.708000000000000	11.647069999999999
0.709000000000000	11.617163000000000
0.710000000000000	11.499927000000000
0.711000000000000	11.440111999999999
0.712000000000000	11.374316000000000
0.713000000000000	11.322876000000001
0.714000000000000	11.255884000000000
0.715000000000000	11.214014000000001
0.716000000000000	11.187695000000000
0.717000000000000	11.156592000000000
0.718000000000000	11.105150999999999
0.719000000000000	11.103954999999999
0.720000000000000	11.076440000000000
0.721000000000000	11.074047999999999
0.722000000000000	11.078832999999999
0.723000000000000	11.088403000000000
0.724000000000000	11.077636999999999
0.725000000000000	11.078832999999999
0.726000000000000	11.120703000000001
0.727000000000000	11.154199000000000
0.728000000000000	11.170947000000000
0.729000000000000	11.156592000000000
0.730000000000000	11.144629000000000
0.731000000000000	11.185302999999999
0.732000000000000	11.239136000000000
0.733000000000000	11.304932000000001
0.734000000000000	11.347998000000000
0.735000000000000	11.399438000000000
0.736000000000000	11.435326999999999
0.737000000000000	11.492749000000000
0.738000000000000	11.599219000000000
0.739000000000000	11.715259000000000
0.740000000000000	11.764307000000001
0.741000000000000	11.848046999999999
0.742000000000000	11.956909000000000
0.743000000000000	12.081322999999999
0.744000000000000	12.177026000000000
0.745000000000000	12.325366000000001
0.746000000000000	12.471313000000000
0.747000000000000	12.650757000000002
0.748000000000000	12.797900000000000
0.749000000000000	12.948632999999999
0.750000000000000	13.095776000000001
0.751000000000000	13.260864000000002
0.752000000000000	13.453466999999998
0.753000000000000	13.589844000000001
0.754000000000000	13.784839000000000
0.755000000000000	13.926000999999998
0.756000000000000	14.067163000000003
0.757000000000000	14.228662000000002
0.758000000000000	14.363842999999999
0.759000000000000	14.513379000000000
0.760000000000000	14.629418999999999
0.761000000000000	14.793310999999999
0.762000000000000	14.939258000000002
0.763000000000000	15.128271000000000
0.764000000000000	15.336425999999998
0.765000000000000	15.512280000000001
0.766000000000000	15.768286000000000
0.767000000000000	15.939355000000001
0.768000000000000	16.213305999999999
0.769000000000000	16.447778000000000
0.770000000000000	16.672681000000001
0.771000000000000	16.983716000000001
0.772000000000000	17.250488000000001
0.773000000000000	17.534009000000001
0.774000000000000	17.770873999999999
0.775000000000000	18.038843000000000
0.776000000000000	18.319970999999999
0.777000000000000	18.617847000000001
0.778000000000000	18.877441000000001
0.779000000000000	19.126270000000002
0.780000000000000	19.419360000000001
0.781000000000000	19.675366000000000
0.782000000000000	19.888306000000000
0.783000000000000	20.144311999999999
0.784000000000000	20.405103000000000
0.785000000000000	20.610863999999999
0.786000000000000	20.839355000000001
0.787000000000000	21.045117000000001
0.788000000000000	21.211400999999999
0.789000000000000	21.404004000000000
0.790000000000000	21.601392000000001
0.791000000000000	21.760497999999998
0.792000000000000	21.938745000000001
0.793000000000000	22.067944000000001
0.794000000000000	22.210303000000000
0.795000000000000	22.351465000000001
0.796000000000000	22.435205000000000
0.797000000000000	22.492626999999999
0.798000000000000	22.554834000000000
0.799000000000000	22.589525999999999
0.800000000000000	22.667285000000000
0.801000000000000	22.615845000000000
0.802000000000000	22.640967000000000
0.803000000000000	22.625415000000000
0.804000000000000	22.608667000000001
0.805000000000000	22.579955999999999
0.806000000000000	22.512964000000000
0.807000000000000	22.472290000000001
0.808000000000000	22.351465000000001
0.809000000000000	22.286864999999999
0.810000000000000	22.143311000000001
0.811000000000000	22.011718999999999
0.812000000000000	21.916015999999999
0.813000000000000	21.755713000000000
0.814000000000000	21.644458000000000
0.815000000000000	21.476977999999999
0.816000000000000	21.314281999999999
0.817000000000000	21.168334999999999
0.818000000000000	20.994872999999998
0.819000000000000	20.805859000000002
0.820000000000000	20.637183000000000
0.821000000000000	20.456543000000000
0.822000000000000	20.339307000000002
0.823000000000000	20.141919000000001
0.824000000000000	19.982813000000000
0.825000000000000	19.775853999999999
0.826000000000000	19.580859000000000
0.827000000000000	19.420556999999999
0.828000000000000	19.190868999999999
0.829000000000000	19.036548000000000
0.830000000000000	18.858301000000001
0.831000000000000	18.653735000000001
0.832000000000000	18.485059000000000
0.833000000000000	18.376196000000000
0.834000000000000	18.270923000000000
0.835000000000000	18.262549000000000
0.836000000000000	18.279297000000000
0.837000000000000	18.354662999999999
0.838000000000000	18.397729000000002
0.839000000000000	18.477881000000000
0.840000000000000	18.542480000000001
0.841000000000000	18.670483000000001
0.842000000000000	18.772168000000001
0.843000000000000	18.892993000000001
0.844000000000000	19.047314000000000
0.845000000000000	19.175317000000000
0.846000000000000	19.278198000000000
0.847000000000000	19.357153000000000
0.848000000000000	19.479175000000001
0.849000000000000	19.537793000000001
0.850000000000000	19.650244000000001
0.851000000000000	19.748339999999999
0.852000000000000	19.797388000000002
0.853000000000000	19.865576000000001
0.854000000000000	19.967261000000001
0.855000000000000	20.019897000000000
0.856000000000000	20.121582000000000
0.857000000000000	20.188573999999999
0.858000000000000	20.201733000000001
0.859000000000000	20.214893000000000
0.860000000000000	20.208911000000001
0.861000000000000	20.183789000000001
0.862000000000000	20.183789000000001
0.863000000000000	20.104834000000000
0.864000000000000	19.997167999999999
0.865000000000000	19.961279000000001
0.866000000000000	19.836865000000000
0.867000000000000	19.726807000000001
0.868000000000000	19.661010999999998
0.869000000000000	19.591626000000002
0.870000000000000	19.524633999999999
0.871000000000000	19.425342000000001
0.872000000000000	19.351171999999998
0.873000000000000	19.247095000000002
0.874000000000000	19.141821000000000
0.875000000000000	19.007836999999999
0.876000000000000	18.810448999999998
0.877000000000000	18.627417000000001
0.878000000000000	18.412085000000001
0.879000000000000	18.138134999999998
0.880000000000000	17.862988000000001
0.881000000000000	17.605785999999998
0.882000000000000	17.344995000000001
0.883000000000000	17.048314999999999
0.884000000000000	16.702587999999999
0.885000000000000	16.370020000000000
0.886000000000000	16.036255000000001
0.887000000000000	15.703687000000000
0.888000000000000	15.357958999999999
0.889000000000000	15.027782999999999
0.890000000000000	14.628223000000000
0.891000000000000	14.350683999999998
0.892000000000000	13.977441000000002
0.893000000000000	13.650854000000001
0.894000000000000	13.326660000000002
0.895000000000000	12.962988000000001
0.896000000000000	12.588550000000000
0.897000000000000	12.212915000000001
0.898000000000000	11.860010000000001
0.899000000000000	11.503515999999999
0.900000000000000	11.161377000000000
0.901000000000000	10.779761000000001
0.902000000000000	10.455565999999999
0.903000000000000	10.132567999999999
0.904000000000000	9.795215000000001
0.905000000000000	9.508105000000001
0.906000000000000	9.182715000000000
0.907000000000000	8.907568000000000
0.908000000000000	8.641992000000000
0.909000000000000	8.342919999999999
0.910000000000000	8.048633000000001
0.911000000000000	7.783057000000001
0.912000000000000	7.474414000000000
0.913000000000000	7.226782000000000
0.914000000000000	6.975562000000000
0.915000000000000	6.756640999999999
0.916000000000000	6.546094000000000
0.917000000000000	6.315210000000000
0.918000000000000	6.119019000000000
0.919000000000000	5.891724000000000
0.920000000000000	5.682373000000000
0.921000000000000	5.538818000000000
0.922000000000000	5.340234000000000
0.923000000000000	5.153613000000000
0.924000000000000	5.005273000000000
0.925000000000000	4.813867000000000
0.926000000000000	4.683472000000000
0.927000000000000	4.553076000000000
0.928000000000000	4.438232000000000
0.929000000000000	4.315015000000000
0.930000000000000	4.196582000000000
0.931000000000000	4.126001000000000
0.932000000000000	4.011157000000000
0.933000000000000	3.913062000000000
0.934000000000000	3.832910000000000
0.935000000000000	3.749170000000000
0.936000000000000	3.679785000000000
0.937000000000000	3.647485000000000
0.938000000000000	3.541016000000000
0.939000000000000	3.472827000000000
0.940000000000000	3.426172000000000
0.941000000000000	3.350806000000000
0.942000000000000	3.316113000000000
0.943000000000000	3.232373000000000
0.944000000000000	3.165381000000000
0.945000000000000	3.154614000000000
0.946000000000000	3.135474000000000
0.947000000000000	3.123511000000000
0.948000000000000	3.109155000000000
0.949000000000000	3.093604000000000
0.950000000000000	3.060107000000000
0.951000000000000	3.044556000000000
0.952000000000000	3.008667000000000
0.953000000000000	3.032593000000000
0.954000000000000	3.025415000000000
0.955000000000000	2.994312000000000
0.956000000000000	3.000293000000000
0.957000000000000	3.039771000000000
0.958000000000000	2.999097000000000
0.959000000000000	3.006274000000000
0.960000000000000	3.002686000000000
0.961000000000000	3.001489000000000
0.962000000000000	2.948853000000000
0.963000000000000	2.999097000000000
0.964000000000000	2.978760000000000
0.965000000000000	2.981152000000000
0.966000000000000	2.969189000000000
0.967000000000000	2.936890000000000
0.968000000000000	2.934497000000000
0.969000000000000	2.939282000000000
0.970000000000000	2.914160000000000
0.971000000000000	2.917749000000000
0.972000000000000	2.909375000000000
0.973000000000000	2.912964000000000
0.974000000000000	2.901001000000000
0.975000000000000	2.940479000000000
0.976000000000000	2.926123000000000
0.977000000000000	2.923730000000000
0.978000000000000	2.918945000000000
0.979000000000000	2.912964000000000
0.980000000000000	2.904590000000000
0.981000000000000	2.940479000000000
0.982000000000000	2.983545000000000
0.983000000000000	2.995508000000000
0.984000000000000	3.056519000000000
0.985000000000000	3.070874000000000
0.986000000000000	3.155811000000000
0.987000000000000	3.210840000000000
0.988000000000000	3.276636000000000
0.989000000000000	3.301758000000000
0.990000000000000	3.356787000000001
0.991000000000000	3.433350000000000
0.992000000000000	3.499146000000000
0.993000000000000	3.569726999999999
0.994000000000000	3.594849000000000
0.995000000000000	3.651074000000000
0.996000000000000	3.715674000000000
0.997000000000000	3.746777000000000
0.998000000000000	3.818555000000000
0.999000000000000	3.859229000000000
1.000000000000000	3.965698000000000
1.001000000000000	3.987231000000000
1.002000000000000	4.104468000000000
1.003000000000000	4.203760000000000
1.004000000000000	4.288696000000000
1.005000000000000	4.431055000000000
1.006000000000000	4.492065000000000
1.007000000000000	4.599731000000000
1.008000000000000	4.732520000000000
1.009000000000000	4.877271000000000
1.010000000000000	4.959814000000000
1.011000000000000	5.056714000000000
1.012000000000000	5.214624000000000
1.013000000000000	5.311523000000000
1.014000000000000	5.445508000000000
1.015000000000000	5.554370000000000
1.016000000000000	5.656055000000000
1.017000000000000	5.776880000000000
1.018000000000000	5.897705000000000
1.019000000000000	6.013745000000000
1.020000000000000	6.151318000000000
1.021000000000000	6.288892000000000
1.022000000000000	6.394165000000001
1.023000000000000	6.525757000000000
1.024000000000000	6.639404000000001
1.025000000000000	6.755444000000000
1.026000000000000	6.889429000000000
1.027000000000000	7.010254000000001
1.028000000000000	7.103564000000000
1.029000000000000	7.229174999999999
1.030000000000000	7.340430000000000
1.031000000000000	7.426563000000000
1.032000000000000	7.530640000000000
1.033000000000000	7.651465000000000
1.034000000000000	7.736400999999999
1.035000000000000	7.838086000000001
1.036000000000000	7.917041000000000
1.037000000000000	8.065381000000000
1.038000000000000	8.143140000000001
1.039000000000000	8.274730999999999
1.040000000000000	8.351293999999999
1.041000000000000	8.463744999999999
1.042000000000000	8.554663000000000
1.043000000000000	8.618066000000001
1.044000000000000	8.743677000000000
1.045000000000000	8.801099000000001
1.046000000000000	8.846558000000000
1.047000000000000	8.887231000000000
1.048000000000000	8.938672000000000
1.049000000000000	8.985327000000000
1.050000000000000	9.041553000000000
1.051000000000000	9.094189000000000
1.052000000000000	9.159985000000001
1.053000000000000	9.238940000000000
1.054000000000000	9.339429000000001
1.055000000000000	9.441113000000000
1.056000000000000	9.502124000000000
1.057000000000000	9.581079000000001
1.058000000000000	9.686353000000000
1.059000000000000	9.766503999999999
1.060000000000000	9.839478000000000
1.061000000000000	9.931592000000000
1.062000000000000	10.027295000000001
1.063000000000000	10.100269000000001
1.064000000000000	10.168457000000000
1.065000000000000	10.248608000000001
1.066000000000000	10.329955999999999
1.067000000000000	10.361060000000000
1.068000000000000	10.444800000000001
1.069000000000000	10.544091999999999
1.070000000000000	10.646972999999999
1.071000000000000	10.718750000000000
1.072000000000000	10.808472000000000
1.073000000000000	10.906567000000001
1.074000000000000	10.980737000000000
1.075000000000000	11.087206999999999
1.076000000000000	11.144629000000000
1.077000000000000	11.229564999999999
1.078000000000000	11.257080000000000
1.079000000000000	11.321680000000001
1.080000000000000	11.416187000000001
1.081000000000000	11.459253000000000
1.082000000000000	11.557349000000000
1.083000000000000	11.633910999999999
1.084000000000000	11.703296000000000
1.085000000000000	11.769092000000001
1.086000000000000	11.818140000000000
1.087000000000000	11.860010000000001
1.088000000000000	11.940161000000000
1.089000000000000	12.060986000000000
1.090000000000000	12.075341999999999
1.091000000000000	12.141138000000000
1.092000000000000	12.174633999999999
1.093000000000000	12.248804000000000
1.094000000000000	12.272729000000000
1.095000000000000	12.321777000000001
1.096000000000000	12.355273000000000
1.097000000000000	12.399535999999999
1.098000000000000	12.385180999999999
1.099000000000000	12.386377000000000
1.100000000000000	12.367236000000000
1.101000000000000	12.333740000000001
1.102000000000000	12.324170000000001
1.103000000000000	12.279907000000000
1.104000000000000	12.211719000000000
1.105000000000000	12.177026000000000
1.106000000000000	12.100464000000001
1.107000000000000	12.011938000000001
1.108000000000000	11.937768999999999
1.109000000000000	11.855225000000001
1.110000000000000	11.763109999999999
1.111000000000000	11.621948000000000
1.112000000000000	11.537012000000001
1.113000000000000	11.424561000000001
1.114000000000000	11.344409000000001
1.115000000000000	11.241528000000001
1.116000000000000	11.119507000000000
1.117000000000000	10.960400000000000
1.118000000000000	10.849145999999999
1.119000000000000	10.715161000000000
1.120000000000000	10.547681000000001
1.121000000000000	10.431641000000001
1.122000000000000	10.295264000000000
1.123000000000000	10.146924000000000
1.124000000000000	9.996191000000000
1.125000000000000	9.840674000000000
1.126000000000000	9.633716000000000
1.127000000000000	9.487769000000000
1.128000000000000	9.316699000000000
1.129000000000000	9.130077999999999
1.130000000000000	8.931494000000001
1.131000000000000	8.785546999999999
1.132000000000000	8.604907000000001
1.133000000000000	8.400342000000000
1.134000000000000	8.231665000000000
1.135000000000000	8.047437000000000
1.136000000000000	7.865601000000000
1.137000000000000	7.725635000000000
1.138000000000000	7.559351000000001
1.139000000000000	7.395459000000001
1.140000000000000	7.212427000000000
1.141000000000000	7.048535000000001
1.142000000000000	6.901392000000000
1.143000000000000	6.784155000000000
1.144000000000000	6.669312000000000
1.145000000000000	6.540112000000000
1.146000000000000	6.365453999999999
1.147000000000000	6.269751000000000
1.148000000000000	6.169263000000000
1.149000000000000	6.046045000000000
1.150000000000000	5.939575000000000
1.151000000000000	5.821143000000000
1.152000000000000	5.755347000000000
1.153000000000000	5.651270000000000
1.154000000000000	5.562744000000000
1.155000000000000	5.487378000000000
1.156000000000000	5.400049000000000
1.157000000000000	5.337842000000000
1.158000000000000	5.276831000000000
1.159000000000000	5.200269000000000
1.160000000000000	5.173950000000000
1.161000000000000	5.136865000000000
1.162000000000000	5.060303000000000
1.163000000000000	5.002881000000000
1.164000000000000	4.966992000000000
1.165000000000000	4.915552000000000
1.166000000000000	4.900000000000000
1.167000000000000	4.880859000000000
1.168000000000000	4.858130000000000
1.169000000000000	4.825830000000000
1.170000000000000	4.804297000000000
1.171000000000000	4.804297000000000
1.172000000000000	4.754053000000000
1.173000000000000	4.740894000000000
1.174000000000000	4.700220000000000
1.175000000000000	4.726538000000000
1.176000000000000	4.684668000000000
1.177000000000000	4.705005000000000
1.178000000000000	4.693042000000000
1.179000000000000	4.696631000000000
1.180000000000000	4.701416000000000
1.181000000000000	4.706201000000000
1.182000000000000	4.710986000000000
1.183000000000000	4.697827000000000
1.184000000000000	4.703809000000000
1.185000000000000	4.728931000000000
1.186000000000000	4.714575000000000
1.187000000000000	4.737305000000000
1.188000000000000	4.771997000000000
1.189000000000000	4.787549000000000
1.190000000000000	4.822241000000000
1.191000000000000	4.890430000000000
1.192000000000000	4.882056000000000
1.193000000000000	4.944263000000000
1.194000000000000	4.950244000000000
1.195000000000000	4.963403000000000
1.196000000000000	5.012451000000000
1.197000000000000	5.053125000000000
1.198000000000000	5.133276000000000
1.199000000000000	5.191895000000000
1.200000000000000	5.219409000000000
1.201000000000000	5.307935000000000
1.202000000000000	5.372534000000000
1.203000000000000	5.471826000000000
1.204000000000000	5.565137000000000
1.205000000000000	5.662036000000000
1.206000000000000	5.781665000000000
1.207000000000000	5.912061000000000
1.208000000000000	6.036475000000000
1.209000000000000	6.159692000000000
1.210000000000000	6.300854000000000
1.211000000000000	6.434839000000000
1.212000000000000	6.567627000000001
1.213000000000000	6.712378000000000
1.214000000000000	6.879858000000000
1.215000000000000	7.003076000000000
1.216000000000000	7.177733999999999
1.217000000000000	7.340430000000000
1.218000000000000	7.481592000000000
1.219000000000000	7.690942000000000
1.220000000000000	7.858423000000001
1.221000000000000	8.066577000000001
1.222000000000000	8.247216999999999
1.223000000000000	8.441015999999999
1.224000000000000	8.598926000000001
1.225000000000000	8.833398000000001
1.226000000000000	9.015234000000000
1.227000000000000	9.209033000000000
1.228000000000000	9.400439000000000
1.229000000000000	9.606201000000000
1.230000000000000	9.853833000000000
1.231000000000000	10.089502000000000
1.232000000000000	10.332349000000001
1.233000000000000	10.566820999999999
1.234000000000000	10.850341999999999
1.235000000000000	11.126685000000000
1.236000000000000	11.420972000000001
1.237000000000000	11.729614000000000
1.238000000000000	12.039453000000000
1.239000000000000	12.325366000000001
1.240000000000000	12.583765000000000
1.241000000000000	12.882837000000000
1.242000000000000	13.154395000000001
1.243000000000000	13.406812000000000
1.244000000000000	13.675977000000000
1.245000000000000	13.884131000000000
1.246000000000000	14.097070000000002
1.247000000000000	14.299243000000001
1.248000000000000	14.500220000000001
1.249000000000000	14.634204000000002
1.250000000000000	14.793310999999999
1.251000000000000	14.944043000000001
1.252000000000000	15.069653000000001
1.253000000000000	15.240722999999997
1.254000000000000	15.332837000000000
1.255000000000000	15.435718000000000
1.256000000000000	15.530225000000000
1.257000000000000	15.629517000000000
1.258000000000000	15.688135000000001
1.259000000000000	15.768286000000000
1.260000000000000	15.829297000000002
1.261000000000000	15.862793000000000
1.262000000000000	15.858008000000000
1.263000000000000	15.858008000000000
1.264000000000000	15.889111000000000
1.265000000000000	15.972852000000000
1.266000000000000	16.075731999999999
1.267000000000000	16.261157000000001
1.268000000000000	16.463329999999999
1.269000000000000	16.761206000000001
1.270000000000000	17.012426999999999
1.271000000000000	17.263646999999999
1.272000000000000	17.529223999999999
1.273000000000000	17.782837000000001
1.274000000000000	18.061572000000002
1.275000000000000	18.363036999999998
1.276000000000000	18.596312999999999
1.277000000000000	18.879833999999999
1.278000000000000	19.040137000000001
1.279000000000000	19.210010000000000
1.280000000000000	19.361937999999999
1.281000000000000	19.424146000000000
1.282000000000000	19.509081999999999
1.283000000000000	19.546167000000001
1.284000000000000	19.595215000000000
1.285000000000000	19.614355000000000
1.286000000000000	19.627514999999999
1.287000000000000	19.635888999999999
1.288000000000000	19.744751000000001
1.289000000000000	19.828491000000000
1.290000000000000	19.961279000000001
1.291000000000000	20.084496999999999
1.292000000000000	20.254370000000002
1.293000000000000	20.382373000000001
1.294000000000000	20.458936000000001
1.295000000000000	20.577368000000000
1.296000000000000	20.742456000000001
1.297000000000000	20.838159000000001
1.298000000000000	20.969750999999999
1.299000000000000	21.100145999999999
1.300000000000000	21.207813000000002
1.301000000000000	21.260449000000001
1.302000000000000	21.340600999999999
1.303000000000000	21.371704000000001
1.304000000000000	21.372900000000001
1.305000000000000	21.375292999999999
1.306000000000000	21.315479000000000
1.307000000000000	21.256860000000000
1.308000000000000	21.195850000000000
1.309000000000000	21.126465000000000
1.310000000000000	21.077417000000001
1.311000000000000	20.974536000000001
1.312000000000000	20.864477999999998
1.313000000000000	20.779540999999998
1.314000000000000	20.652733999999999
1.315000000000000	20.567798000000000
1.316000000000000	20.433813000000001
1.317000000000000	20.260352000000001
1.318000000000000	20.112012000000000
1.319000000000000	19.944531000000001
1.320000000000000	19.735181000000001
1.321000000000000	19.550951999999999
1.322000000000000	19.397826999999999
1.323000000000000	19.231542999999999
1.324000000000000	19.031763000000002
1.325000000000000	18.797290000000000
1.326000000000000	18.609473000000001
1.327000000000000	18.397729000000002
1.328000000000000	18.189575000000001
1.329000000000000	17.976635999999999
1.330000000000000	17.734985000000002
1.331000000000000	17.471802000000000
1.332000000000000	17.227758999999999
1.333000000000000	16.964575000000000
1.334000000000000	16.730103000000000
1.335000000000000	16.517163000000000
1.336000000000000	16.281493999999999
1.337000000000000	16.143920999999999
1.338000000000000	15.974048000000002
1.339000000000000	15.841260000000000
1.340000000000000	15.709668000000002
1.341000000000000	15.569701999999999
1.342000000000000	15.416577000000000
1.343000000000000	15.227562999999998
1.344000000000000	15.003857000000000
1.345000000000000	14.777759000000000
1.346000000000000	14.571997000000000
1.347000000000000	14.337523999999998
1.348000000000000	14.120996000000002
1.349000000000000	13.830298000000001
1.350000000000000	13.619750999999999
1.351000000000000	13.287183000000001
1.352000000000000	13.009644000000000
1.353000000000000	12.712963999999998
1.354000000000000	12.448584000000000
1.355000000000000	12.136353000000000
1.356000000000000	11.888721000000000
1.357000000000000	11.656641000000000
1.358000000000000	11.413793999999999
1.359000000000000	11.133862000000001
1.360000000000000	10.880248999999999
1.361000000000000	10.623047000000000
1.362000000000000	10.411303999999999
1.363000000000000	10.151709000000000
1.364000000000000	9.899292000000001
1.365000000000000	9.688745000000001
1.366000000000000	9.444702000000000
1.367000000000000	9.253296000000001
1.368000000000000	9.048730000000001
1.369000000000000	8.858521000000000
1.370000000000000	8.661133000000000
1.371000000000000	8.490062999999999
1.372000000000000	8.342919999999999
1.373000000000000	8.144335999999999
1.374000000000000	7.990015000000001
1.375000000000000	7.854834000000001
1.376000000000000	7.690942000000000
1.377000000000000	7.488769999999999
1.378000000000000	7.320093000000000
1.379000000000000	7.145435000000000
1.380000000000000	6.991113000000000
1.381000000000000	6.843970000000000
1.382000000000000	6.761426000000000
1.383000000000000	6.613085999999999
1.384000000000000	6.459961000000000
1.385000000000000	6.366650000000000
1.386000000000000	6.250610000000000
1.387000000000000	6.170459000000000
1.388000000000000	6.047241000000000
1.389000000000000	6.014941000000000
1.390000000000000	5.898901000000000
1.391000000000000	5.794824000000000
1.392000000000000	5.727832000000000
1.393000000000000	5.688354000000000
1.394000000000000	5.642896000000000
1.395000000000000	5.567529000000000
1.396000000000000	5.501733000000000
1.397000000000000	5.447900000000000
1.398000000000000	5.473022000000000
1.399000000000000	5.410815000000000
1.400000000000000	5.367749000000000
1.401000000000000	5.372534000000000
1.402000000000000	5.379712000000000
1.403000000000000	5.392871000000000
1.404000000000000	5.386890000000000
1.405000000000000	5.431152000000000
1.406000000000000	5.499341000000000
1.407000000000000	5.566333000000000
1.408000000000000	5.654858000000000
1.409000000000000	5.756543000000000
1.410000000000000	5.851050000000000
1.411000000000000	5.959912000000000
1.412000000000000	6.035278000000000
1.413000000000000	6.146533000000000
1.414000000000000	6.292480000000001
1.415000000000000	6.432446000000000
1.416000000000000	6.544896999999999
1.417000000000000	6.688452000000000
1.418000000000000	6.797314000000000
1.419000000000000	6.930102999999999
1.420000000000000	7.058105000000000
1.421000000000000	7.212427000000000
1.422000000000000	7.371532999999999
1.423000000000000	7.548584000000000
1.424000000000000	7.760327000000000
1.425000000000000	7.923022000000000
1.426000000000000	8.129980000000000
1.427000000000000	8.291479000000001
1.428000000000000	8.504419000000000
1.429000000000000	8.631226000000000
1.430000000000000	8.838184000000000
1.431000000000000	9.027196999999999
1.432000000000000	9.215014999999999
1.433000000000000	9.364551000000001
1.434000000000000	9.540405000000000
1.435000000000000	9.762915000000000
1.436000000000000	9.966284000000000
1.437000000000000	10.197168000000000
1.438000000000000	10.423266999999999
1.439000000000000	10.679271999999999
1.440000000000000	10.925708000000000
1.441000000000000	11.206835999999999
1.442000000000000	11.502319000000000
1.443000000000000	11.777466000000000
1.444000000000000	12.009546000000000
1.445000000000000	12.326563000000000
1.446000000000000	12.582568000000000
1.447000000000000	12.895996000000002
1.448000000000000	13.213013000000002
1.449000000000000	13.492944000000000
1.450000000000000	13.879346000000000
1.451000000000000	14.239428999999999
1.452000000000000	14.617455999999999
1.453000000000000	15.074438000000001
1.454000000000000	15.460840000000001
1.455000000000000	15.920214999999999
1.456000000000000	16.322168000000001
1.457000000000000	16.800684000000000
1.458000000000000	17.266040000000000
1.459000000000000	17.778051999999999
1.460000000000000	18.189575000000001
1.461000000000000	18.593921000000002
1.462000000000000	19.024584999999998
1.463000000000000	19.388256999999999
1.464000000000000	19.804565000000000
1.465000000000000	20.133545000000002
1.466000000000000	20.478076000000001
1.467000000000000	20.793896000000000
1.468000000000000	21.075023999999999
1.469000000000000	21.344189000000000
1.470000000000000	21.559521000000000
1.471000000000000	21.822704999999999
1.472000000000000	22.023682000000001
1.473000000000000	22.158861999999999
1.474000000000000	22.265332000000001
1.475000000000000	22.331128000000000
1.476000000000000	22.339502000000000
1.477000000000000	22.355053999999999
1.478000000000000	22.296436000000000
1.479000000000000	22.227050999999999
1.480000000000000	22.099048000000000
1.481000000000000	21.943529999999999
1.482000000000000	21.783228000000001
1.483000000000000	21.626514000000000
1.484000000000000	21.437500000000000
1.485000000000000	21.284375000000001
1.486000000000000	21.110913000000000
1.487000000000000	20.895581000000000
1.488000000000000	20.698193000000000
1.489000000000000	20.535498000000000
1.490000000000000	20.446973000000000
1.491000000000000	20.474487000000000
1.492000000000000	20.584546000000000
1.493000000000000	20.728100999999999
1.494000000000000	20.966162000000001
1.495000000000000	21.179102000000000
1.496000000000000	21.455444000000000
1.497000000000000	21.716235000000001
1.498000000000000	22.029662999999999
1.499000000000000	22.307202000000000
1.500000000000000	22.613451999999999
1.501000000000000	22.894580000000001
1.502000000000000	23.179296999999998
1.503000000000000	23.401807000000002
1.504000000000000	23.605176000000000
1.505000000000000	23.746338000000002
1.506000000000000	23.865967000000001
1.507000000000000	23.923389000000000
1.508000000000000	23.978418000000001
1.509000000000000	24.037036000000001
1.510000000000000	24.102831999999999
1.511000000000000	24.106421000000001
1.512000000000000	24.131543000000001
1.513000000000000	24.147095000000000
1.514000000000000	24.087280000000000
1.515000000000000	24.101635999999999
1.516000000000000	24.058568999999999
1.517000000000000	23.952100000000002
1.518000000000000	23.877929999999999
1.519000000000000	23.752319000000000
1.520000000000000	23.608764999999998
1.521000000000000	23.480761999999999
1.522000000000000	23.367114000000001
1.523000000000000	23.187671000000002
1.524000000000000	23.018993999999999
1.525000000000000	22.896972999999999
1.526000000000000	22.715136999999999
1.527000000000000	22.559619000000001
1.528000000000000	22.337109000000002
1.529000000000000	22.178003000000000
1.530000000000000	21.972241000000000
1.531000000000000	21.732983000000001
1.532000000000000	21.536791999999998
1.533000000000000	21.301123000000000
1.534000000000000	21.065453999999999
1.535000000000000	20.807055999999999
1.536000000000000	20.597705000000001
1.537000000000000	20.409887999999999
1.538000000000000	20.175415000000001
1.539000000000000	19.922998000000000
1.540000000000000	19.690918000000000
1.541000000000000	19.463622999999998
1.542000000000000	19.256665000000002
1.543000000000000	18.998266999999998
1.544000000000000	18.738672000000001
1.545000000000000	18.495825000000000
1.546000000000000	18.250585999999998
1.547000000000000	17.965869000000001
1.548000000000000	17.749341000000001
1.549000000000000	17.464624000000001
1.550000000000000	17.214600000000001
1.551000000000000	16.968164000000002
1.552000000000000	16.673877000000001
1.553000000000000	16.462133999999999
1.554000000000000	16.219287000000001
1.555000000000000	16.050609999999999
1.556000000000000	15.816138000000000
1.557000000000000	15.582860999999999
1.558000000000000	15.332837000000000
1.559000000000000	15.062476000000000
1.560000000000000	14.728711000000001
1.561000000000000	14.439208999999998
1.562000000000000	14.100659000000000
1.563000000000000	13.768091000000000
1.564000000000000	13.440308000000002
1.565000000000000	13.100561999999998
1.566000000000000	12.752440999999999
1.567000000000000	12.360059000000000
1.568000000000000	11.993994000000001
1.569000000000000	11.627929999999999
1.570000000000000	11.228369000000001
1.571000000000000	10.845556999999999
1.572000000000000	10.502222000000000
1.573000000000000	10.126587000000001
1.574000000000000	9.816748000000001
1.575000000000000	9.462645999999999
1.576000000000000	9.161182000000000
1.577000000000000	8.752051000000000
1.578000000000000	8.375220000000001
1.579000000000000	8.040259000000001
1.580000000000000	7.708887000000000
1.581000000000000	7.333251999999999
1.582000000000000	6.979150000000000
1.583000000000000	6.634619000000000
1.584000000000000	6.308032000000001
1.585000000000000	5.958716000000000
1.586000000000000	5.699121000000000
1.587000000000000	5.407227000000000
1.588000000000000	5.118921000000000
1.589000000000000	4.842578000000000
1.590000000000000	4.569824000000000
1.591000000000000	4.289893000000000
1.592000000000000	4.064990000000000
1.593000000000000	3.822144000000000
1.594000000000000	3.586475000000000
1.595000000000000	3.389087000000000
1.596000000000000	3.136670000000000
1.597000000000000	2.940479000000000
1.598000000000000	2.719165000000000
1.599000000000000	2.603125000000000
1.600000000000000	2.390186000000000
1.601000000000000	2.233472000000000
1.602000000000000	2.074365000000000
1.603000000000000	1.955933000000000
1.604000000000000	1.805200000000000
1.605000000000000	1.680786000000000
1.606000000000000	1.518091000000000
1.607000000000000	1.458276000000000
1.608000000000000	1.360181000000000
1.609000000000000	1.271655000000000
1.610000000000000	1.147241000000000
1.611000000000000	1.065894000000000
1.612000000000000	0.997705000000000
1.613000000000000	0.912769000000000
1.614000000000000	0.874487000000000
1.615000000000000	0.766821000000000
1.616000000000000	0.747681000000000
1.617000000000000	0.669922000000000
1.618000000000000	0.602930000000000
1.619000000000000	0.610107000000000
1.620000000000000	0.547900000000000
1.621000000000000	0.519189000000000
1.622000000000000	0.464160000000000
1.623000000000000	0.407935000000000
1.624000000000000	0.405542000000000
1.625000000000000	0.351709000000000
1.626000000000000	0.374438000000000
1.627000000000000	0.348120000000000
1.628000000000000	0.321802000000000
1.629000000000000	0.259595000000000
1.630000000000000	0.265576000000000
1.631000000000000	0.229688000000000
1.632000000000000	0.247632000000000
1.633000000000000	0.224902000000000
1.634000000000000	0.194995000000000
1.635000000000000	0.160303000000000
1.636000000000000	0.172266000000000
1.637000000000000	0.175854000000000
1.638000000000000	0.162695000000000
1.639000000000000	0.157910000000000
1.640000000000000	0.126807000000000
1.641000000000000	0.139966000000000
1.642000000000000	0.178247000000000
1.643000000000000	0.148340000000000
1.644000000000000	0.130396000000000
1.645000000000000	0.099292000000000
1.646000000000000	0.116040000000000
1.647000000000000	0.090918000000000
1.648000000000000	0.099292000000000
1.649000000000000	0.075366000000000
1.650000000000000	0.089722000000000
1.651000000000000	0.101685000000000
1.652000000000000	0.072974000000000
1.653000000000000	0.078955000000000
1.654000000000000	0.108862000000000
1.655000000000000	0.063403000000000
1.656000000000000	0.059814000000000
1.657000000000000	0.038281000000000
1.658000000000000	0.051440000000000
1.659000000000000	0.065796000000000
1.660000000000000	0.102881000000000
1.661000000000000	0.063403000000000
1.662000000000000	0.077759000000000
1.663000000000000	0.075366000000000
1.664000000000000	0.064600000000000
1.665000000000000	0.083740000000000
1.666000000000000	0.071777000000000
1.667000000000000	0.064600000000000
1.668000000000000	0.049048000000000
1.669000000000000	0.082544000000000
1.670000000000000	0.059814000000000
1.671000000000000	0.064600000000000
1.672000000000000	0.062207000000000
1.673000000000000	0.056226000000000
1.674000000000000	0.056226000000000
1.675000000000000	0.081348000000000
1.676000000000000	0.063403000000000
1.677000000000000	0.068188000000000
1.678000000000000	0.089722000000000
1.679000000000000	0.044263000000000
1.680000000000000	0.053833000000000
1.681000000000000	0.095703000000000
1.682000000000000	0.075366000000000
1.683000000000000	0.069385000000000
1.684000000000000	0.053833000000000
1.685000000000000	0.076563000000000
1.686000000000000	0.080151000000000
1.687000000000000	0.061011000000000
1.688000000000000	0.084937000000000
1.689000000000000	0.069385000000000
1.690000000000000	0.081348000000000
1.691000000000000	0.055029000000000
1.692000000000000	0.077759000000000
1.693000000000000	0.052637000000000
1.694000000000000	0.074170000000000
1.695000000000000	0.076563000000000
1.696000000000000	0.059814000000000
1.697000000000000	0.061011000000000
1.698000000000000	0.061011000000000
1.699000000000000	0.084937000000000
1.700000000000000	0.069385000000000
1.701000000000000	0.035889000000000
1.702000000000000	0.061011000000000
1.703000000000000	0.047852000000000
1.704000000000000	0.090918000000000
1.705000000000000	0.074170000000000
1.706000000000000	0.083740000000000
1.707000000000000	0.065796000000000
1.708000000000000	0.123218000000000
1.709000000000000	0.086133000000000
1.710000000000000	0.102881000000000
1.711000000000000	0.095703000000000
1.712000000000000	0.119629000000000
1.713000000000000	0.061011000000000
1.714000000000000	0.116040000000000
1.715000000000000	0.123218000000000
1.716000000000000	0.125610000000000
1.717000000000000	0.092114000000000
1.718000000000000	0.093311000000000
1.719000000000000	0.113647000000000
1.720000000000000	0.111255000000000
1.721000000000000	0.133984000000000
1.722000000000000	0.095703000000000
1.723000000000000	0.126807000000000
1.724000000000000	0.145947000000000
1.725000000000000	0.125610000000000
1.726000000000000	0.137573000000000
1.727000000000000	0.145947000000000
1.728000000000000	0.135181000000000
1.729000000000000	0.130396000000000
1.730000000000000	0.149536000000000
1.731000000000000	0.157910000000000
1.732000000000000	0.142358000000000
1.733000000000000	0.133984000000000
1.734000000000000	0.137573000000000
1.735000000000000	0.135181000000000
1.736000000000000	0.131592000000000
1.737000000000000	0.160303000000000
1.738000000000000	0.178247000000000
1.739000000000000	0.143555000000000
1.740000000000000	0.125610000000000
1.741000000000000	0.148340000000000
1.742000000000000	0.171069000000000
1.743000000000000	0.173462000000000
1.744000000000000	0.187817000000000
1.745000000000000	0.177051000000000
1.746000000000000	0.161499000000000
1.747000000000000	0.185425000000000
1.748000000000000	0.154321000000000
1.749000000000000	0.175854000000000
1.750000000000000	0.168677000000000
1.751000000000000	0.166284000000000
1.752000000000000	0.150732000000000
1.753000000000000	0.183032000000000
1.754000000000000	0.212939000000000
1.755000000000000	0.137573000000000
1.756000000000000	0.175854000000000
1.757000000000000	0.181836000000000
1.758000000000000	0.168677000000000
1.759000000000000	0.171069000000000
1.760000000000000	0.199780000000000
1.761000000000000	0.147144000000000
1.762000000000000	0.139966000000000
1.763000000000000	0.178247000000000
1.764000000000000	0.155518000000000
1.765000000000000	0.161499000000000
1.766000000000000	0.157910000000000
1.767000000000000	0.162695000000000
1.768000000000000	0.187817000000000
1.769000000000000	0.157910000000000
1.770000000000000	0.149536000000000
1.771000000000000	0.185425000000000
1.772000000000000	0.160303000000000
1.773000000000000	0.151929000000000
1.774000000000000	0.147144000000000
1.775000000000000	0.174658000000000
1.776000000000000	0.205762000000000
1.777000000000000	0.178247000000000
1.778000000000000	0.178247000000000
1.779000000000000	0.157910000000000
1.780000000000000	0.157910000000000
1.781000000000000	0.166284000000000
1.782000000000000	0.177051000000000
1.783000000000000	0.155518000000000
1.784000000000000	0.154321000000000
1.785000000000000	0.155518000000000
1.786000000000000	0.169873000000000
1.787000000000000	0.172266000000000
1.788000000000000	0.160303000000000
1.789000000000000	0.162695000000000
1.790000000000000	0.154321000000000
1.791000000000000	0.150732000000000
1.792000000000000	0.179443000000000
1.793000000000000	0.199780000000000
1.794000000000000	0.153125000000000
1.795000000000000	0.202173000000000
1.796000000000000	0.153125000000000
1.797000000000000	0.178247000000000
1.798000000000000	0.175854000000000
1.799000000000000	0.131592000000000
1.800000000000000	0.150732000000000
1.801000000000000	0.145947000000000
1.802000000000000	0.162695000000000
1.803000000000000	0.144751000000000
1.804000000000000	0.136377000000000
1.805000000000000	0.174658000000000
1.806000000000000	0.173462000000000
1.807000000000000	0.178247000000000
1.808000000000000	0.143555000000000
1.809000000000000	0.175854000000000
1.810000000000000	0.178247000000000
1.811000000000000	0.143555000000000
1.812000000000000	0.138770000000000
1.813000000000000	0.156714000000000
1.814000000000000	0.171069000000000
1.815000000000000	0.147144000000000
1.816000000000000	0.136377000000000
1.817000000000000	0.149536000000000
1.818000000000000	0.150732000000000
1.819000000000000	0.138770000000000
1.820000000000000	0.143555000000000
1.821000000000000	0.178247000000000
1.822000000000000	0.178247000000000
1.823000000000000	0.154321000000000
1.824000000000000	0.159106000000000
1.825000000000000	0.204565000000000
1.826000000000000	0.183032000000000
1.827000000000000	0.173462000000000
1.828000000000000	0.171069000000000
1.829000000000000	0.184229000000000
1.830000000000000	0.186621000000000
1.831000000000000	0.174658000000000
1.832000000000000	0.177051000000000
1.833000000000000	0.160303000000000
1.834000000000000	0.175854000000000
1.835000000000000	0.178247000000000
1.836000000000000	0.178247000000000
1.837000000000000	0.168677000000000
1.838000000000000	0.172266000000000
1.839000000000000	0.199780000000000
1.840000000000000	0.197388000000000
1.841000000000000	0.167480000000000
1.842000000000000	0.165088000000000
1.843000000000000	0.178247000000000
1.844000000000000	0.189014000000000
1.845000000000000	0.181836000000000
1.846000000000000	0.191406000000000
1.847000000000000	0.186621000000000
1.848000000000000	0.204565000000000
1.849000000000000	0.166284000000000
1.850000000000000	0.177051000000000
1.851000000000000	0.187817000000000
1.852000000000000	0.200977000000000
1.853000000000000	0.163892000000000
1.854000000000000	0.196191000000000
1.855000000000000	0.179443000000000
1.856000000000000	0.205762000000000
1.857000000000000	0.191406000000000
1.858000000000000	0.228491000000000
1.859000000000000	0.200977000000000
1.860000000000000	0.245239000000000
1.861000000000000	0.218921000000000
1.862000000000000	0.167480000000000
1.863000000000000	0.184229000000000
1.864000000000000	0.202173000000000
1.865000000000000	0.202173000000000
1.866000000000000	0.172266000000000
1.867000000000000	0.196191000000000
1.868000000000000	0.168677000000000
1.869000000000000	0.199780000000000
1.870000000000000	0.168677000000000
1.871000000000000	0.157910000000000
1.872000000000000	0.183032000000000
1.873000000000000	0.179443000000000
1.874000000000000	0.190210000000000
1.875000000000000	0.211743000000000
1.876000000000000	0.193799000000000
1.877000000000000	0.187817000000000
1.878000000000000	0.133984000000000
1.879000000000000	0.192603000000000
1.880000000000000	0.161499000000000
1.881000000000000	0.175854000000000
1.882000000000000	0.194995000000000
1.883000000000000	0.203369000000000
1.884000000000000	0.137573000000000
1.885000000000000	0.172266000000000
1.886000000000000	0.162695000000000
1.887000000000000	0.154321000000000
1.888000000000000	0.151929000000000
1.889000000000000	0.196191000000000
1.890000000000000	0.159106000000000
1.891000000000000	0.202173000000000
1.892000000000000	0.163892000000000
1.893000000000000	0.189014000000000
1.894000000000000	0.155518000000000
1.895000000000000	0.162695000000000
1.896000000000000	0.153125000000000
1.897000000000000	0.145947000000000
1.898000000000000	0.148340000000000
1.899000000000000	0.172266000000000
1.900000000000000	0.135181000000000
1.901000000000000	0.131592000000000
1.902000000000000	0.138770000000000
1.903000000000000	0.138770000000000
1.904000000000000	0.118433000000000
1.905000000000000	0.131592000000000
1.906000000000000	0.129199000000000
1.907000000000000	0.132788000000000
1.908000000000000	0.141162000000000
1.909000000000000	0.108862000000000
1.910000000000000	0.136377000000000
1.911000000000000	0.114844000000000
1.912000000000000	0.128003000000000
1.913000000000000	0.128003000000000
1.914000000000000	0.123218000000000
1.915000000000000	0.104077000000000
1.916000000000000	0.129199000000000
1.917000000000000	0.089722000000000
1.918000000000000	0.122021000000000
1.919000000000000	0.143555000000000
1.920000000000000	0.072974000000000
1.921000000000000	0.113647000000000
1.922000000000000	0.120825000000000
1.923000000000000	0.083740000000000
1.924000000000000	0.096899000000000
1.925000000000000	0.114844000000000
1.926000000000000	0.124414000000000
1.927000000000000	0.111255000000000
1.928000000000000	0.102881000000000
1.929000000000000	0.105273000000000
1.930000000000000	0.119629000000000
1.931000000000000	0.084937000000000
1.932000000000000	0.105273000000000
1.933000000000000	0.083740000000000
1.934000000000000	0.099292000000000
1.935000000000000	0.094507000000000
1.936000000000000	0.088525000000000
1.937000000000000	0.089722000000000
1.938000000000000	0.092114000000000
1.939000000000000	0.092114000000000
1.940000000000000	0.083740000000000
1.941000000000000	0.082544000000000
1.942000000000000	0.095703000000000
1.943000000000000	0.117236000000000
1.944000000000000	0.100488000000000
1.945000000000000	0.101685000000000
1.946000000000000	0.068188000000000
1.947000000000000	0.045459000000000
1.948000000000000	0.074170000000000
1.949000000000000	0.061011000000000
1.950000000000000	0.038281000000000
1.951000000000000	0.070581000000000
1.952000000000000	0.076563000000000
1.953000000000000	0.123218000000000
1.954000000000000	0.082544000000000
1.955000000000000	0.099292000000000
1.956000000000000	0.063403000000000
1.957000000000000	0.110059000000000
1.958000000000000	0.098096000000000
1.959000000000000	0.074170000000000
1.960000000000000	0.088525000000000
1.961000000000000	0.119629000000000
1.962000000000000	0.076563000000000
1.963000000000000	0.098096000000000
1.964000000000000	0.089722000000000
1.965000000000000	0.077759000000000
1.966000000000000	0.064600000000000
1.967000000000000	0.072974000000000
1.968000000000000	0.083740000000000
1.969000000000000	0.093311000000000
1.970000000000000	0.086133000000000
1.971000000000000	0.071777000000000
1.972000000000000	0.100488000000000
1.973000000000000	0.071777000000000
1.974000000000000	0.072974000000000
1.975000000000000	0.098096000000000
1.976000000000000	0.108862000000000
1.977000000000000	0.074170000000000
1.978000000000000	0.080151000000000
1.979000000000000	0.104077000000000
1.980000000000000	0.059814000000000
1.981000000000000	0.081348000000000
1.982000000000000	0.098096000000000
1.983000000000000	0.096899000000000
1.984000000000000	0.086133000000000
1.985000000000000	0.069385000000000
1.986000000000000	0.096899000000000
1.987000000000000	0.080151000000000
1.988000000000000	0.095703000000000
1.989000000000000	0.087329000000000
1.990000000000000	0.068188000000000
1.991000000000000	0.034692000000000
1.992000000000000	0.059814000000000
1.993000000000000	0.071777000000000
1.994000000000000	0.105273000000000
1.995000000000000	0.047852000000000
1.996000000000000	0.078955000000000
1.997000000000000	0.072974000000000
1.998000000000000	0.080151000000000
1.999000000000000	0.071777000000000
2.000000000000000	0.049048000000000