Force produced by a submaximally-activated cat soleus muscle in vivo while
applying length changes of maximum amplitude 1.0 mm and a constant-frequency
stimulation signal of 20 Hz. Experimental data was provided by T.G. Sandercock
[1]. Please refer to Millard et al. [2] for details.

References:
    1. Perreault, E.J., Heckman, C.J., and Sandercock, T.G., 2003. "Hill
       muscle model errors during movement are greatest within the
       physiologically relevant range of motor unit firing rates". Journal
       of Biomechanics, 36(2), pp. 211--218.
       http://dx.doi.org/10.1016/S0021-9290(02)00332-9.
    2. Millard, M., Uchida, T., Seth, A., and Delp, S.L., 2013. "Flexing
       computational muscle: Modeling and simulation of musculotendon
       dynamics". ASME Journal of Biomechanical Engineering, 135(2),
       p. 021013 (11 pages). http://dx.doi.org/10.1115/1.4023390.

endheader
time_s	force_N
0.000000000000000	0.009570000000000
0.001000000000000	0.009570000000000
0.002000000000000	0.009570000000000
0.003000000000000	0.034692000000000
0.004000000000000	0.000000000000000
0.005000000000000	0.008374000000000
0.006000000000000	0.003589000000000
0.007000000000000	0.000000000000000
0.008000000000000	0.000000000000000
0.009000000000000	0.000000000000000
0.010000000000000	0.000000000000000
0.011000000000000	0.000000000000000
0.012000000000000	0.000000000000000
0.013000000000000	0.037085000000000
0.014000000000000	0.046655000000000
0.015000000000000	0.025122000000000
0.016000000000000	0.010767000000000
0.017000000000000	0.040674000000000
0.018000000000000	0.035889000000000
0.019000000000000	0.002393000000000
0.020000000000000	0.029907000000000
0.021000000000000	0.007178000000000
0.022000000000000	0.034692000000000
0.023000000000000	0.000000000000000
0.024000000000000	0.000000000000000
0.025000000000000	0.000000000000000
0.026000000000000	0.004785000000000
0.027000000000000	0.000000000000000
0.028000000000000	0.000000000000000
0.029000000000000	0.014355000000000
0.030000000000000	0.017944000000000
0.031000000000000	0.041870000000000
0.032000000000000	0.055029000000000
0.033000000000000	0.010767000000000
0.034000000000000	0.043066000000000
0.035000000000000	0.031104000000000
0.036000000000000	0.000000000000000
0.037000000000000	0.029907000000000
0.038000000000000	0.034692000000000
0.039000000000000	0.005981000000000
0.040000000000000	0.000000000000000
0.041000000000000	0.000000000000000
0.042000000000000	0.000000000000000
0.043000000000000	0.015552000000000
0.044000000000000	0.000000000000000
0.045000000000000	0.007178000000000
0.046000000000000	0.021533000000000
0.047000000000000	0.010767000000000
0.048000000000000	0.037085000000000
0.049000000000000	0.015552000000000
0.050000000000000	0.004785000000000
0.051000000000000	0.029907000000000
0.052000000000000	0.020337000000000
0.053000000000000	0.011963000000000
0.054000000000000	0.008374000000000
0.055000000000000	0.011963000000000
0.056000000000000	0.016748000000000
0.057000000000000	0.000000000000000
0.058000000000000	0.000000000000000
0.059000000000000	0.010767000000000
0.060000000000000	0.009570000000000
0.061000000000000	0.002393000000000
0.062000000000000	0.016748000000000
0.063000000000000	0.002393000000000
0.064000000000000	0.041870000000000
0.065000000000000	0.022729000000000
0.066000000000000	0.004785000000000
0.067000000000000	0.046655000000000
0.068000000000000	0.008374000000000
0.069000000000000	0.033496000000000
0.070000000000000	0.017944000000000
0.071000000000000	0.005981000000000
0.072000000000000	0.001196000000000
0.073000000000000	0.000000000000000
0.074000000000000	0.033496000000000
0.075000000000000	0.020337000000000
0.076000000000000	0.000000000000000
0.077000000000000	0.000000000000000
0.078000000000000	0.028711000000000
0.079000000000000	0.001196000000000
0.080000000000000	0.019141000000000
0.081000000000000	0.056226000000000
0.082000000000000	0.022729000000000
0.083000000000000	0.039478000000000
0.084000000000000	0.034692000000000
0.085000000000000	0.022729000000000
0.086000000000000	0.022729000000000
0.087000000000000	0.002393000000000
0.088000000000000	0.000000000000000
0.089000000000000	0.003589000000000
0.090000000000000	0.009570000000000
0.091000000000000	0.000000000000000
0.092000000000000	0.000000000000000
0.093000000000000	0.001196000000000
0.094000000000000	0.000000000000000
0.095000000000000	0.015552000000000
0.096000000000000	0.021533000000000
0.097000000000000	0.026318000000000
0.098000000000000	0.021533000000000
0.099000000000000	0.021533000000000
0.100000000000000	0.031104000000000
0.101000000000000	0.025122000000000
0.102000000000000	0.020337000000000
0.103000000000000	0.031104000000000
0.104000000000000	0.019141000000000
0.105000000000000	0.022729000000000
0.106000000000000	0.000000000000000
0.107000000000000	0.000000000000000
0.108000000000000	0.004785000000000
0.109000000000000	0.034692000000000
0.110000000000000	0.065796000000000
0.111000000000000	0.105273000000000
0.112000000000000	0.119629000000000
0.113000000000000	0.184229000000000
0.114000000000000	0.215332000000000
0.115000000000000	0.267969000000000
0.116000000000000	0.281128000000000
0.117000000000000	0.362476000000000
0.118000000000000	0.401953000000000
0.119000000000000	0.453394000000000
0.120000000000000	0.471338000000000
0.121000000000000	0.537134000000000
0.122000000000000	0.571826000000000
0.123000000000000	0.636426000000000
0.124000000000000	0.669922000000000
0.125000000000000	0.701025000000000
0.126000000000000	0.752466000000000
0.127000000000000	0.806299000000000
0.128000000000000	0.881665000000000
0.129000000000000	0.905591000000000
0.130000000000000	0.971387000000000
0.131000000000000	1.004883000000000
0.132000000000000	1.099390000000000
0.133000000000000	1.143652000000000
0.134000000000000	1.187915000000000
0.135000000000000	1.222607000000000
0.136000000000000	1.253711000000000
0.137000000000000	1.320703000000000
0.138000000000000	1.355396000000000
0.139000000000000	1.403247000000000
0.140000000000000	1.449902000000000
0.141000000000000	1.504932000000000
0.142000000000000	1.537231000000000
0.143000000000000	1.598242000000000
0.144000000000000	1.616187000000000
0.145000000000000	1.672412000000000
0.146000000000000	1.734619000000000
0.147000000000000	1.774097000000000
0.148000000000000	1.814771000000000
0.149000000000000	1.848267000000000
0.150000000000000	1.870996000000000
0.151000000000000	1.905688000000000
0.152000000000000	1.926025000000000
0.153000000000000	1.939185000000000
0.154000000000000	1.933203000000000
0.155000000000000	1.960718000000000
0.156000000000000	2.002588000000000
0.157000000000000	2.043262000000000
0.158000000000000	2.097095000000000
0.159000000000000	2.099487000000000
0.160000000000000	2.203564000000000
0.161000000000000	2.288501000000000
0.162000000000000	2.391382000000000
0.163000000000000	2.458374000000000
0.164000000000000	2.550488000000000
0.165000000000000	2.691650000000000
0.166000000000000	2.783765000000000
0.167000000000000	2.909375000000000
0.168000000000000	3.002686000000000
0.169000000000000	3.133081000000000
0.170000000000000	3.229980000000000
0.171000000000000	3.311328000000000
0.172000000000000	3.434546000000000
0.173000000000000	3.538623000000000
0.174000000000000	3.639111000000000
0.175000000000000	3.743188000000000
0.176000000000000	3.825732000000000
0.177000000000000	3.939380000000000
0.178000000000000	4.021924000000000
0.179000000000000	4.151123000000000
0.180000000000000	4.240845000000000
0.181000000000000	4.384399000000000
0.182000000000000	4.458569000000000
0.183000000000000	4.549487000000000
0.184000000000000	4.646387000000000
0.185000000000000	4.770801000000000
0.186000000000000	4.816260000000000
0.187000000000000	4.933496000000000
0.188000000000000	4.981348000000001
0.189000000000000	5.098584000000000
0.190000000000000	5.127295000000000
0.191000000000000	5.224194000000000
0.192000000000000	5.312720000000000
0.193000000000000	5.415601000000000
0.194000000000000	5.458667000000001
0.195000000000000	5.530444000000000
0.196000000000000	5.617773000000001
0.197000000000000	5.684766000000000
0.198000000000000	5.712280000000000
0.199000000000000	5.776880000000000
0.200000000000000	5.863013000000000
0.201000000000000	5.883350000000000
0.202000000000000	5.894116000000000
0.203000000000000	5.959912000000000
0.204000000000000	5.986230000000000
0.205000000000000	5.996997000000000
0.206000000000000	6.030493000000000
0.207000000000000	6.132178000000000
0.208000000000000	6.116626000000000
0.209000000000000	6.193188000000000
0.210000000000000	6.264966000000001
0.211000000000000	6.334351000000000
0.212000000000000	6.439624000000000
0.213000000000000	6.526953000000000
0.214000000000000	6.599927000000000
0.215000000000000	6.707593000000000
0.216000000000000	6.826025000000000
0.217000000000000	6.904980000000001
0.218000000000000	7.025806000000000
0.219000000000000	7.128686999999999
0.220000000000000	7.178931000000000
0.221000000000000	7.296167000000000
0.222000000000000	7.379907000000000
0.223000000000000	7.478003000000000
0.224000000000000	7.524658000000000
0.225000000000000	7.604810000000000
0.226000000000000	7.699316000000000
0.227000000000000	7.762720000000000
0.228000000000000	7.865601000000000
0.229000000000000	7.903881999999999
0.230000000000000	8.022314000000000
0.231000000000000	8.095288000000000
0.232000000000000	8.167064999999999
0.233000000000000	8.229272000000000
0.234000000000000	8.307031000000000
0.235000000000000	8.368042000000001
0.236000000000000	8.445800999999999
0.237000000000000	8.438623000000000
0.238000000000000	8.493652000000001
0.239000000000000	8.524756000000000
0.240000000000000	8.592943999999999
0.241000000000000	8.630029000000000
0.242000000000000	8.638403000000000
0.243000000000000	8.677880999999999
0.244000000000000	8.729321000000001
0.245000000000000	8.762817000000000
0.246000000000000	8.793920999999999
0.247000000000000	8.826221000000000
0.248000000000000	8.857324000000000
0.249000000000000	8.878857000000000
0.250000000000000	8.906371999999999
0.251000000000000	8.930298000000001
0.252000000000000	8.933887000000000
0.253000000000000	8.927905000000001
0.254000000000000	8.895605000000000
0.255000000000000	8.883642999999999
0.256000000000000	8.829810000000000
0.257000000000000	8.854932000000000
0.258000000000000	8.847754000000000
0.259000000000000	8.809473000000001
0.260000000000000	8.795116999999999
0.261000000000000	8.821436000000000
0.262000000000000	8.846558000000000
0.263000000000000	8.862109000000000
0.264000000000000	8.828613000000001
0.265000000000000	8.890820000000000
0.266000000000000	8.868091000000000
0.267000000000000	8.937476000000000
0.268000000000000	8.917139000000001
0.269000000000000	8.937476000000000
0.270000000000000	8.951831000000000
0.271000000000000	8.974561000000000
0.272000000000000	8.951831000000000
0.273000000000000	8.961401000000000
0.274000000000000	8.953027000000001
0.275000000000000	8.968579000000000
0.276000000000000	8.986523000000000
0.277000000000000	8.986523000000000
0.278000000000000	8.974561000000000
0.279000000000000	8.981738000000000
0.280000000000000	8.987720000000000
0.281000000000000	8.998486000000000
0.282000000000000	9.020020000000001
0.283000000000000	9.003271000000000
0.284000000000000	9.021216000000001
0.285000000000000	9.002075000000000
0.286000000000000	9.006860000000000
0.287000000000000	8.988916000000000
0.288000000000000	8.992505000000000
0.289000000000000	8.994897000000000
0.290000000000000	8.931494000000001
0.291000000000000	8.917139000000001
0.292000000000000	8.924315999999999
0.293000000000000	8.920728000000000
0.294000000000000	8.920728000000000
0.295000000000000	8.893212999999999
0.296000000000000	8.908765000000001
0.297000000000000	8.888427999999999
0.298000000000000	8.844165000000000
0.299000000000000	8.805884000000001
0.300000000000000	8.805884000000001
0.301000000000000	8.793920999999999
0.302000000000000	8.758032000000000
0.303000000000000	8.701807000000001
0.304000000000000	8.670703000000000
0.305000000000000	8.670703000000000
0.306000000000000	8.606104000000000
0.307000000000000	8.596533000000001
0.308000000000000	8.606104000000000
0.309000000000000	8.614478000000000
0.310000000000000	8.597728999999999
0.311000000000000	8.641992000000000
0.312000000000000	8.603711000000001
0.313000000000000	8.652759000000000
0.314000000000000	8.652759000000000
0.315000000000000	8.698218000000001
0.316000000000000	8.694629000000001
0.317000000000000	8.759229000000000
0.318000000000000	8.765210000000000
0.319000000000000	8.798705999999999
0.320000000000000	8.808275999999999
0.321000000000000	8.854932000000000
0.322000000000000	8.864502000000000
0.323000000000000	8.905176000000001
0.324000000000000	8.944653000000001
0.325000000000000	8.944653000000001
0.326000000000000	8.951831000000000
0.327000000000000	9.020020000000001
0.328000000000000	9.055908000000001
0.329000000000000	9.115722999999999
0.330000000000000	9.146826000000001
0.331000000000000	9.169556000000000
0.332000000000000	9.234154999999999
0.333000000000000	9.267651000000001
0.334000000000000	9.266455000000001
0.335000000000000	9.345409999999999
0.336000000000000	9.388477000000000
0.337000000000000	9.418384000000000
0.338000000000000	9.419580000000000
0.339000000000000	9.491357000000001
0.340000000000000	9.509302000000000
0.341000000000000	9.624146000000000
0.342000000000000	9.610986000000001
0.343000000000000	9.667211999999999
0.344000000000000	9.700708000000001
0.345000000000000	9.767700000000000
0.346000000000000	9.805980999999999
0.347000000000000	9.837085000000000
0.348000000000000	9.942358000000001
0.349000000000000	9.948340000000000
0.350000000000000	9.959106000000000
0.351000000000000	10.057202000000002
0.352000000000000	10.090698000000000
0.353000000000000	10.115820000000001
0.354000000000000	10.158887000000000
0.355000000000000	10.149316000000001
0.356000000000000	10.210326999999999
0.357000000000000	10.248608000000001
0.358000000000000	10.321581999999999
0.359000000000000	10.352686000000000
0.360000000000000	10.394556000000000
0.361000000000000	10.491455000000000
0.362000000000000	10.547681000000001
0.363000000000000	10.631420999999998
0.364000000000000	10.705591000000000
0.365000000000000	10.770189999999999
0.366000000000000	10.844360000000000
0.367000000000000	10.949634000000000
0.368000000000000	11.046533000000000
0.369000000000000	11.126685000000000
0.370000000000000	11.247509999999998
0.371000000000000	11.295361000000000
0.372000000000000	11.405420000000001
0.373000000000000	11.511889999999999
0.374000000000000	11.615966999999999
0.375000000000000	11.728418000000001
0.376000000000000	11.808569000000000
0.377000000000000	11.913843000000002
0.378000000000000	12.046631000000000
0.379000000000000	12.130370999999998
0.380000000000000	12.244018999999998
0.381000000000000	12.333740000000001
0.382000000000000	12.437817000000001
0.383000000000000	12.497631999999999
0.384000000000000	12.593335000000000
0.385000000000000	12.651953000000001
0.386000000000000	12.705786000000000
0.387000000000000	12.739281999999999
0.388000000000000	12.851732999999999
0.389000000000000	12.874463000000002
0.390000000000000	12.940258999999998
0.391000000000000	12.991699000000001
0.392000000000000	13.051513999999999
0.393000000000000	13.093384000000000
0.394000000000000	13.128076000000000
0.395000000000000	13.163964999999999
0.396000000000000	13.209424000000000
0.397000000000000	13.282397000000000
0.398000000000000	13.352978999999999
0.399000000000000	13.382885999999999
0.400000000000000	13.441504000000002
0.401000000000000	13.455859000000000
0.402000000000000	13.485766999999999
0.403000000000000	13.526439999999999
0.404000000000000	13.556347999999998
0.405000000000000	13.579076999999998
0.406000000000000	13.610181000000001
0.407000000000000	13.647266000000000
0.408000000000000	13.690332000000000
0.409000000000000	13.703491000000000
0.410000000000000	13.809960999999999
0.411000000000000	13.876953000000000
0.412000000000000	13.939159999999999
0.413000000000000	14.046825999999999
0.414000000000000	14.123388999999998
0.415000000000000	14.201147000000001
0.416000000000000	14.329150000000000
0.417000000000000	14.436816000000000
0.418000000000000	14.518163999999999
0.419000000000000	14.618651999999999
0.420000000000000	14.686840999999999
0.421000000000000	14.795703000000000
0.422000000000000	14.867480000000000
0.423000000000000	14.957202000000001
0.424000000000000	15.056494000000001
0.425000000000000	15.130663999999999
0.426000000000000	15.253882000000001
0.427000000000000	15.294556000000000
0.428000000000000	15.415381000000000
0.429000000000000	15.517065000000001
0.430000000000000	15.575684000000001
0.431000000000000	15.673778999999998
0.432000000000000	15.726416000000000
0.433000000000000	15.834082000000000
0.434000000000000	15.889110999999998
0.435000000000000	15.925000000000001
0.436000000000000	16.031469999999999
0.437000000000000	16.036255000000001
0.438000000000000	16.103247000000000
0.439000000000000	16.133154000000001
0.440000000000000	16.167846999999998
0.441000000000000	16.192969000000002
0.442000000000000	16.222875999999999
0.443000000000000	16.246801999999999
0.444000000000000	16.292261000000000
0.445000000000000	16.342504999999999
0.446000000000000	16.360448999999999
0.447000000000000	16.325756999999999
0.448000000000000	16.352074999999999
0.449000000000000	16.341308999999999
0.450000000000000	16.347290000000001
0.451000000000000	16.319775000000000
0.452000000000000	16.269531000000001
0.453000000000000	16.243213000000001
0.454000000000000	16.215698000000000
0.455000000000000	16.160668999999999
0.456000000000000	16.108032000000001
0.457000000000000	16.076929000000000
0.458000000000000	16.002759000000001
0.459000000000000	15.966869999999998
0.460000000000000	15.934570000000001
0.461000000000000	15.946533000000001
0.462000000000000	15.920215000000001
0.463000000000000	15.887914999999998
0.464000000000000	15.844849000000000
0.465000000000000	15.837671000000000
0.466000000000000	15.811353000000000
0.467000000000000	15.771875000000000
0.468000000000000	15.732397000000001
0.469000000000000	15.722826999999999
0.470000000000000	15.685741999999999
0.471000000000000	15.647461000000000
0.472000000000000	15.639087000000000
0.473000000000000	15.604395000000000
0.474000000000000	15.557739000000002
0.475000000000000	15.558935999999999
0.476000000000000	15.536206000000002
0.477000000000000	15.535010000000002
0.478000000000000	15.518262000000000
0.479000000000000	15.475194999999999
0.480000000000000	15.488353999999999
0.481000000000000	15.476392000000001
0.482000000000000	15.424951000000000
0.483000000000000	15.389063000000000
0.484000000000000	15.307715000000000
0.485000000000000	15.233544999999999
0.486000000000000	15.135448999999998
0.487000000000000	15.062476000000000
0.488000000000000	14.946436000000002
0.489000000000000	14.893799000000000
0.490000000000000	14.795703000000000
0.491000000000000	14.694019000000001
0.492000000000000	14.588744999999999
0.493000000000000	14.472704999999999
0.494000000000000	14.377001999999999
0.495000000000000	14.296851000000000
0.496000000000000	14.201147000000001
0.497000000000000	14.137744000000001
0.498000000000000	14.043237000000000
0.499000000000000	13.937963999999999
0.500000000000000	13.853027000000001
0.501000000000000	13.765697999999999
0.502000000000000	13.608983999999998
0.503000000000000	13.522852000000000
0.504000000000000	13.388866999999999
0.505000000000000	13.284790000000001
0.506000000000000	13.142431999999999
0.507000000000000	13.014429000000000
0.508000000000000	12.948632999999999
0.509000000000000	12.846947999999999
0.510000000000000	12.791919000000000
0.511000000000000	12.703393999999998
0.512000000000000	12.622045999999999
0.513000000000000	12.509595000000001
0.514000000000000	12.435425000000000
0.515000000000000	12.348096000000000
0.516000000000000	12.326563000000000
0.517000000000000	12.196167000000001
0.518000000000000	12.153100999999999
0.519000000000000	12.070557000000003
0.520000000000000	11.984424000000001
0.521000000000000	11.893506000000000
0.522000000000000	11.839672999999999
0.523000000000000	11.773877000000001
0.524000000000000	11.702100000000000
0.525000000000000	11.612378000000000
0.526000000000000	11.550171000000001
0.527000000000000	11.526244999999999
0.528000000000000	11.460449000000001
0.529000000000000	11.373120000000000
0.530000000000000	11.345605000000001
0.531000000000000	11.302538999999999
0.532000000000000	11.263062000000000
0.533000000000000	11.206835999999999
0.534000000000000	11.175732000000000
0.535000000000000	11.114722000000000
0.536000000000000	11.081225999999999
0.537000000000000	10.989110999999999
0.538000000000000	10.966381999999999
0.539000000000000	10.911353000000000
0.540000000000000	10.868286000000001
0.541000000000000	10.871874999999999
0.542000000000000	10.822827000000000
0.543000000000000	10.792920000000001
0.544000000000000	10.743872000000000
0.545000000000000	10.740283000000000
0.546000000000000	10.723535000000000
0.547000000000000	10.687646000000001
0.548000000000000	10.702002000000002
0.549000000000000	10.663721000000001
0.550000000000000	10.666112999999999
0.551000000000000	10.603906000000000
0.552000000000000	10.581177000000000
0.553000000000000	10.571605999999999
0.554000000000000	10.518969999999999
0.555000000000000	10.514184999999999
0.556000000000000	10.469922000000000
0.557000000000000	10.445995999999997
0.558000000000000	10.459154999999999
0.559000000000000	10.418481000000000
0.560000000000000	10.420874000000000
0.561000000000000	10.475903000000001
0.562000000000000	10.450780999999999
0.563000000000000	10.457959000000002
0.564000000000000	10.505811000000000
0.565000000000000	10.527343999999999
0.566000000000000	10.564429000000001
0.567000000000000	10.575195000000001
0.568000000000000	10.595531999999999
0.569000000000000	10.623047000000000
0.570000000000000	10.656542999999999
0.571000000000000	10.686450000000001
0.572000000000000	10.717554000000000
0.573000000000000	10.728320000000000
0.574000000000000	10.796509000000000
0.575000000000000	10.801294000000000
0.576000000000000	10.838379000000002
0.577000000000000	10.871874999999999
0.578000000000000	10.910156000000001
0.579000000000000	10.952026000000000
0.580000000000000	11.036963000000000
0.581000000000000	11.040552000000000
0.582000000000000	11.080029000000000
0.583000000000000	11.167358000000000
0.584000000000000	11.219995000000001
0.585000000000000	11.241527999999999
0.586000000000000	11.303735000000000
0.587000000000000	11.322876000000001
0.588000000000000	11.365942000000000
0.589000000000000	11.389868000000000
0.590000000000000	11.464038000000000
0.591000000000000	11.490356000000000
0.592000000000000	11.544188999999999
0.593000000000000	11.589648000000000
0.594000000000000	11.655443999999999
0.595000000000000	11.706884999999998
0.596000000000000	11.752344000000001
0.597000000000000	11.794214000000000
0.598000000000000	11.830102999999999
0.599000000000000	11.865990999999998
0.600000000000000	11.919824000000000
0.601000000000000	11.941357000000000
0.602000000000000	11.977245999999999
0.603000000000000	11.991602000000002
0.604000000000000	12.020313000000000
0.605000000000000	12.029883000000000
0.606000000000000	12.027490000000000
0.607000000000000	12.070557000000003
0.608000000000000	12.107641999999998
0.609000000000000	12.126782000000000
0.610000000000000	12.210521999999997
0.611000000000000	12.228467000000000
0.612000000000000	12.288281000000001
0.613000000000000	12.324170000000001
0.614000000000000	12.397144000000001
0.615000000000000	12.459350999999998
0.616000000000000	12.528734999999999
0.617000000000000	12.533521000000000
0.618000000000000	12.588549999999998
0.619000000000000	12.671094000000000
0.620000000000000	12.690233999999998
0.621000000000000	12.760814999999999
0.622000000000000	12.782349000000000
0.623000000000000	12.834985000000000
0.624000000000000	12.893604000000000
0.625000000000000	12.989306999999998
0.626000000000000	13.022803000000000
0.627000000000000	13.082617000000001
0.628000000000000	13.175927999999999
0.629000000000000	13.227367999999998
0.630000000000000	13.269238000000000
0.631000000000000	13.357764000000000
0.632000000000000	13.433130000000000
0.633000000000000	13.484570000000000
0.634000000000000	13.494141000000001
0.635000000000000	13.559937000000000
0.636000000000000	13.582666000000000
0.637000000000000	13.599413999999999
0.638000000000000	13.614966000000001
0.639000000000000	13.667603000000000
0.640000000000000	13.677173000000000
0.641000000000000	13.753735000000001
0.642000000000000	13.762109000000001
0.643000000000000	13.766895000000000
0.644000000000000	13.772876000000000
0.645000000000000	13.776465000000000
0.646000000000000	13.796802000000000
0.647000000000000	13.803979000000000
0.648000000000000	13.809960999999999
0.649000000000000	13.821924000000001
0.650000000000000	13.807568000000000
0.651000000000000	13.824316000000000
0.652000000000000	13.768091000000000
0.653000000000000	13.780054000000000
0.654000000000000	13.751343000000000
0.655000000000000	13.726221000000001
0.656000000000000	13.701098999999999
0.657000000000000	13.668799000000000
0.658000000000000	13.709472999999999
0.659000000000000	13.707079999999999
0.660000000000000	13.687939000000000
0.661000000000000	13.697509999999999
0.662000000000000	13.734595000000002
0.663000000000000	13.729810000000001
0.664000000000000	13.780054000000000
0.665000000000000	13.786035000000002
0.666000000000000	13.824316000000000
0.667000000000000	13.803979000000000
0.668000000000000	13.864990000000002
0.669000000000000	13.854224000000000
0.670000000000000	13.885327000000000
0.671000000000000	13.903271000000000
0.672000000000000	13.912841999999999
0.673000000000000	13.926000999999999
0.674000000000000	13.912841999999999
0.675000000000000	13.954712000000001
0.676000000000000	14.015722999999998
0.677000000000000	14.001367000000002
0.678000000000000	14.046825999999999
0.679000000000000	14.067163000000001
0.680000000000000	14.120996000000000
0.681000000000000	14.119800000000000
0.682000000000000	14.134155000000000
0.683000000000000	14.178418000000001
0.684000000000000	14.215503000000000
0.685000000000000	14.217896000000000
0.686000000000000	14.208325000000000
0.687000000000000	14.239428999999999
0.688000000000000	14.233447000000000
0.689000000000000	14.245410000000001
0.690000000000000	14.275317000000001
0.691000000000000	14.294458000000002
0.692000000000000	14.301636000000002
0.693000000000000	14.330347000000002
0.694000000000000	14.338720999999998
0.695000000000000	14.348291000000000
0.696000000000000	14.359058000000001
0.697000000000000	14.378197999999999
0.698000000000000	14.362646000000000
0.699000000000000	14.398535000000001
0.700000000000000	14.403319999999999
0.701000000000000	14.414087000000000
0.702000000000000	14.350683999999999
0.703000000000000	14.359058000000001
0.704000000000000	14.315991000000000
0.705000000000000	14.324365000000002
0.706000000000000	14.323169000000000
0.707000000000000	14.305225000000000
0.708000000000000	14.283690999999999
0.709000000000000	14.294458000000002
0.710000000000000	14.321973000000000
0.711000000000000	14.326758000000000
0.712000000000000	14.336328000000000
0.713000000000000	14.338720999999998
0.714000000000000	14.374609000000000
0.715000000000000	14.387768999999999
0.716000000000000	14.382983000000001
0.717000000000000	14.445190000000000
0.718000000000000	14.412891000000000
0.719000000000000	14.405713000000000
0.720000000000000	14.458349999999999
0.721000000000000	14.426050000000000
0.722000000000000	14.430835000000000
0.723000000000000	14.445190000000000
0.724000000000000	14.457153000000000
0.725000000000000	14.481078999999999
0.726000000000000	14.465527000000000
0.727000000000000	14.481078999999999
0.728000000000000	14.497826999999997
0.729000000000000	14.520557000000000
0.730000000000000	14.528931000000000
0.731000000000000	14.518163999999999
0.732000000000000	14.569603999999998
0.733000000000000	14.548071000000000
0.734000000000000	14.607886000000001
0.735000000000000	14.589941000000000
0.736000000000000	14.601903999999999
0.737000000000000	14.605492999999997
0.738000000000000	14.618651999999999
0.739000000000000	14.638989000000000
0.740000000000000	14.665308000000000
0.741000000000000	14.668896000000002
0.742000000000000	14.672485000000000
0.743000000000000	14.684448000000000
0.744000000000000	14.722728999999999
0.745000000000000	14.740674000000000
0.746000000000000	14.740674000000000
0.747000000000000	14.746655000000001
0.748000000000000	14.752637000000000
0.749000000000000	14.758618000000000
0.750000000000000	14.778955000000000
0.751000000000000	14.757422000000000
0.752000000000000	14.775366000000000
0.753000000000000	14.746655000000001
0.754000000000000	14.702393000000002
0.755000000000000	14.723926000000001
0.756000000000000	14.705980999999998
0.757000000000000	14.710767000000001
0.758000000000000	14.719141000000000
0.759000000000000	14.755028999999999
0.760000000000000	14.775366000000000
0.761000000000000	14.811254999999999
0.762000000000000	14.879443000000000
0.763000000000000	14.928490999999999
0.764000000000000	14.983520999999998
0.765000000000000	15.031371999999999
0.766000000000000	15.070850000000000
0.767000000000000	15.143822999999999
0.768000000000000	15.208423000000000
0.769000000000000	15.274219000000000
0.770000000000000	15.273021999999997
0.771000000000000	15.332837000000000
0.772000000000000	15.373511000000001
0.773000000000000	15.435717999999998
0.774000000000000	15.447680999999999
0.775000000000000	15.482373000000001
0.776000000000000	15.542188000000001
0.777000000000000	15.611572000000001
0.778000000000000	15.655835000000000
0.779000000000000	15.702489999999997
0.780000000000000	15.721631000000002
0.781000000000000	15.811353000000000
0.782000000000000	15.840063000000001
0.783000000000000	15.879541000000000
0.784000000000000	15.929785000000003
0.785000000000000	15.977637000000000
0.786000000000000	15.975244000000000
0.787000000000000	15.996777000000000
0.788000000000000	16.029077000000001
0.789000000000000	16.087695000000000
0.790000000000000	16.105640000000001
0.791000000000000	16.128368999999999
0.792000000000000	16.154688000000000
0.793000000000000	16.188184000000000
0.794000000000000	16.275513000000000
0.795000000000000	16.295850000000002
0.796000000000000	16.310205000000000
0.797000000000000	16.368822999999999
0.798000000000000	16.425049000000001
0.799000000000000	16.429834000000000
0.800000000000000	16.442993000000001
0.801000000000000	16.523145000000000
0.802000000000000	16.499219000000000
0.803000000000000	16.508789000000000
0.804000000000000	16.518359000000000
0.805000000000000	16.502808000000002
0.806000000000000	16.541088999999999
0.807000000000000	16.594922000000000
0.808000000000000	16.550659000000000
0.809000000000000	16.581762999999999
0.810000000000000	16.610474000000000
0.811000000000000	16.628418000000000
0.812000000000000	16.675073000000001
0.813000000000000	16.716943000000001
0.814000000000000	16.756421000000000
0.815000000000000	16.836572000000000
0.816000000000000	16.867675999999999
0.817000000000000	16.916723999999999
0.818000000000000	16.944237999999999
0.819000000000000	16.990894000000001
0.820000000000000	17.005248999999999
0.821000000000000	17.035156000000001
0.822000000000000	17.106933999999999
0.823000000000000	17.099755999999999
0.824000000000000	17.132055999999999
0.825000000000000	17.173926000000002
0.826000000000000	17.222974000000001
0.827000000000000	17.292358000000000
0.828000000000000	17.283984000000000
0.829000000000000	17.330639999999999
0.830000000000000	17.396436000000001
0.831000000000000	17.450268999999999
0.832000000000000	17.496924000000000
0.833000000000000	17.506494000000000
0.834000000000000	17.542383000000001
0.835000000000000	17.545971999999999
0.836000000000000	17.559131000000001
0.837000000000000	17.636890000000001
0.838000000000000	17.608179000000000
0.839000000000000	17.652441000000000
0.840000000000000	17.618945000000000
0.841000000000000	17.645264000000001
0.842000000000000	17.630908000000002
0.843000000000000	17.636890000000001
0.844000000000000	17.638086000000001
0.845000000000000	17.702686000000000
0.846000000000000	17.645264000000001
0.847000000000000	17.658422999999999
0.848000000000000	17.632104000000002
0.849000000000000	17.602197000000000
0.850000000000000	17.568701000000001
0.851000000000000	17.549561000000001
0.852000000000000	17.492139000000002
0.853000000000000	17.456250000000001
0.854000000000000	17.438306000000001
0.855000000000000	17.386865000000000
0.856000000000000	17.291162000000000
0.857000000000000	17.226562000000001
0.858000000000000	17.163159000000000
0.859000000000000	17.134447999999999
0.860000000000000	17.122485000000001
0.861000000000000	17.088989000000002
0.862000000000000	17.013622999999999
0.863000000000000	16.999268000000001
0.864000000000000	16.955005000000000
0.865000000000000	16.969360000000002
0.866000000000000	16.910741999999999
0.867000000000000	16.861694000000000
0.868000000000000	16.836572000000000
0.869000000000000	16.779150000000001
0.870000000000000	16.811450000000001
0.871000000000000	16.724121000000000
0.872000000000000	16.702587999999999
0.873000000000000	16.707373000000000
0.874000000000000	16.652343999999999
0.875000000000000	16.651147000000002
0.876000000000000	16.634398999999998
0.877000000000000	16.627222000000000
0.878000000000000	16.596118000000001
0.879000000000000	16.567406999999999
0.880000000000000	16.559032999999999
0.881000000000000	16.530322000000002
0.882000000000000	16.555444000000001
0.883000000000000	16.506395999999999
0.884000000000000	16.468115000000001
0.885000000000000	16.431030000000000
0.886000000000000	16.359252999999999
0.887000000000000	16.293457000000000
0.888000000000000	16.215698000000000
0.889000000000000	16.128368999999999
0.890000000000000	16.042235999999999
0.891000000000000	15.927393000000000
0.892000000000000	15.921411000000001
0.893000000000000	15.811353000000000
0.894000000000000	15.737183000000000
0.895000000000000	15.646265000000000
0.896000000000000	15.592431999999999
0.897000000000000	15.515869000000000
0.898000000000000	15.428540000000002
0.899000000000000	15.351978000000001
0.900000000000000	15.263451999999999
0.901000000000000	15.158179000000001
0.902000000000000	15.069653000000002
0.903000000000000	14.973950000000000
0.904000000000000	14.924901999999999
0.905000000000000	14.816039999999999
0.906000000000000	14.711963000000001
0.907000000000000	14.658130000000000
0.908000000000000	14.555249000000000
0.909000000000000	14.465527000000000
0.910000000000000	14.388965000000001
0.911000000000000	14.345898000000000
0.912000000000000	14.241821000000000
0.913000000000000	14.171239999999999
0.914000000000000	14.087499999999999
0.915000000000000	14.013330000000000
0.916000000000000	13.978638000000002
0.917000000000000	13.894896999999998
0.918000000000000	13.859009000000000
0.919000000000000	13.748950000000001
0.920000000000000	13.671191000000000
0.921000000000000	13.616161999999999
0.922000000000000	13.525244000000001
0.923000000000000	13.465430000000000
0.924000000000000	13.394849000000001
0.925000000000000	13.358960000000000
0.926000000000000	13.272826999999999
0.927000000000000	13.214209000000000
0.928000000000000	13.168749999999999
0.929000000000000	13.119701999999998
0.930000000000000	13.073047000000001
0.931000000000000	13.029980000000000
0.932000000000000	12.953417999999999
0.933000000000000	12.890015000000000
0.934000000000000	12.857715000000001
0.935000000000000	12.794312000000000
0.936000000000000	12.753638000000000
0.937000000000000	12.691431000000000
0.938000000000000	12.643579000000001
0.939000000000000	12.587354000000001
0.940000000000000	12.544287000000001
0.941000000000000	12.485669000000000
0.942000000000000	12.446190999999999
0.943000000000000	12.423461999999999
0.944000000000000	12.404320999999999
0.945000000000000	12.300243999999999
0.946000000000000	12.291869999999999
0.947000000000000	12.242822000000000
0.948000000000000	12.241626000000000
0.949000000000000	12.153100999999999
0.950000000000000	12.151904000000002
0.951000000000000	12.106445000000001
0.952000000000000	12.053808999999999
0.953000000000000	11.990405000000001
0.954000000000000	11.929395000000000
0.955000000000000	11.889917000000001
0.956000000000000	11.848046999999999
0.957000000000000	11.777466000000002
0.958000000000000	11.787036000000001
0.959000000000000	11.741576999999999
0.960000000000000	11.729613999999998
0.961000000000000	11.729613999999998
0.962000000000000	11.717651000000000
0.963000000000000	11.679370000000000
0.964000000000000	11.691333000000000
0.965000000000000	11.629125999999999
0.966000000000000	11.681763000000000
0.967000000000000	11.649463000000001
0.968000000000000	11.651854999999999
0.969000000000000	11.642284999999999
0.970000000000000	11.633910999999999
0.971000000000000	11.642284999999999
0.972000000000000	11.653052000000001
0.973000000000000	11.599218999999998
0.974000000000000	11.614770999999999
0.975000000000000	11.604004000000000
0.976000000000000	11.647069999999999
0.977000000000000	11.655443999999999
0.978000000000000	11.674585000000000
0.979000000000000	11.673389000000000
0.980000000000000	11.670995999999999
0.981000000000000	11.690137000000000
0.982000000000000	11.729613999999998
0.983000000000000	11.746362000000000
0.984000000000000	11.728418000000001
0.985000000000000	11.754735999999999
0.986000000000000	11.742773000000000
0.987000000000000	11.797803000000000
0.988000000000000	11.794214000000000
0.989000000000000	11.825317000000000
0.990000000000000	11.874364999999999
0.991000000000000	11.876758000000001
0.992000000000000	11.857617000000001
0.993000000000000	11.862401999999999
0.994000000000000	11.942554000000001
0.995000000000000	11.979639000000001
0.996000000000000	11.961694000000000
0.997000000000000	12.022704999999998
0.998000000000000	12.011938000000001
0.999000000000000	12.052612000000000
1.000000000000000	12.052612000000000
1.001000000000000	12.064575000000000
1.002000000000000	12.107641999999998
1.003000000000000	12.087305000000001
1.004000000000000	12.076537999999999
1.005000000000000	12.107641999999998
1.006000000000000	12.090894000000000
1.007000000000000	12.132764000000000
1.008000000000000	12.127979000000000
1.009000000000000	12.184203999999999
1.010000000000000	12.235645000000002
1.011000000000000	12.271533000000000
1.012000000000000	12.299048000000001
1.013000000000000	12.343311000000002
1.014000000000000	12.391162000000000
1.015000000000000	12.447388000000000
1.016000000000000	12.473706000000002
1.017000000000000	12.517969000000001
1.018000000000000	12.587354000000001
1.019000000000000	12.622045999999999
1.020000000000000	12.661522999999999
1.021000000000000	12.712963999999999
1.022000000000000	12.763208000000001
1.023000000000000	12.795508000000000
1.024000000000000	12.840966999999999
1.025000000000000	12.887622000000000
1.026000000000000	12.927099999999999
1.027000000000000	12.980933000000000
1.028000000000000	13.028784000000000
1.029000000000000	13.047924999999998
1.030000000000000	13.107739000000000
1.031000000000000	13.129272000000000
1.032000000000000	13.209424000000000
1.033000000000000	13.228564000000000
1.034000000000000	13.311108000000001
1.035000000000000	13.308716000000000
1.036000000000000	13.330249000000000
1.037000000000000	13.381689000000000
1.038000000000000	13.388866999999999
1.039000000000000	13.415186000000000
1.040000000000000	13.453467000000000
1.041000000000000	13.489355000000000
1.042000000000000	13.513280999999999
1.043000000000000	13.539600000000000
1.044000000000000	13.561133000000000
1.045000000000000	13.561133000000000
1.046000000000000	13.569507000000000
1.047000000000000	13.613770000000001
1.048000000000000	13.623340000000001
1.049000000000000	13.606592000000001
1.050000000000000	13.617357999999999
1.051000000000000	13.647266000000000
1.052000000000000	13.665210000000000
1.053000000000000	13.650853999999999
1.054000000000000	13.644873000000000
1.055000000000000	13.634105999999999
1.056000000000000	13.604198999999999
1.057000000000000	13.647266000000000
1.058000000000000	13.622144000000000
1.059000000000000	13.666406000000000
1.060000000000000	13.678369000000000
1.061000000000000	13.716650000000000
1.062000000000000	13.741771999999999
1.063000000000000	13.745361000000001
1.064000000000000	13.778857000000000
1.065000000000000	13.832689999999999
1.066000000000000	13.826708999999999
1.067000000000000	13.872167999999999
1.068000000000000	13.890112000000000
1.069000000000000	13.903271000000000
1.070000000000000	13.908056999999998
1.071000000000000	13.960692999999997
1.072000000000000	13.989404000000000
1.073000000000000	13.997778000000000
1.074000000000000	14.026489000000000
1.075000000000000	14.068358999999999
1.076000000000000	14.071948000000001
1.077000000000000	14.094678000000000
1.078000000000000	14.104248000000000
1.079000000000000	14.162865999999999
1.080000000000000	14.184399000000001
1.081000000000000	14.231054999999998
1.082000000000000	14.253783999999998
1.083000000000000	14.247802999999999
1.084000000000000	14.275317000000001
1.085000000000000	14.306421000000000
1.086000000000000	14.293262000000000
1.087000000000000	14.325562000000000
1.088000000000000	14.325562000000000
1.089000000000000	14.343506000000000
1.090000000000000	14.350683999999999
1.091000000000000	14.380590999999999
1.092000000000000	14.391356999999999
1.093000000000000	14.382983000000001
1.094000000000000	14.390161000000001
1.095000000000000	14.434424000000000
1.096000000000000	14.427246000000000
1.097000000000000	14.415283000000001
1.098000000000000	14.430835000000000
1.099000000000000	14.423657000000000
1.100000000000000	14.434424000000000
1.101000000000000	14.426050000000000
1.102000000000000	14.387768999999999
1.103000000000000	14.366235000000000
1.104000000000000	14.379395000000002
1.105000000000000	14.298047000000000
1.106000000000000	14.307617000000000
1.107000000000000	14.290869000000001
1.108000000000000	14.313599000000000
1.109000000000000	14.293262000000000
1.110000000000000	14.283690999999999
1.111000000000000	14.294458000000002
1.112000000000000	14.296851000000000
1.113000000000000	14.294458000000002
1.114000000000000	14.354271999999998
1.115000000000000	14.315991000000000
1.116000000000000	14.308813000000001
1.117000000000000	14.292064999999999
1.118000000000000	14.288477000000000
1.119000000000000	14.275317000000001
1.120000000000000	14.234643999999999
1.121000000000000	14.183203000000001
1.122000000000000	14.186792000000001
1.123000000000000	14.140136999999999
1.124000000000000	14.125781000000000
1.125000000000000	14.087499999999999
1.126000000000000	14.070752000000001
1.127000000000000	14.032470999999999
1.128000000000000	14.020508000000000
1.129000000000000	14.028881999999999
1.130000000000000	13.989404000000000
1.131000000000000	13.982227000000000
1.132000000000000	13.978638000000002
1.133000000000000	13.959497000000001
1.134000000000000	13.945142000000001
1.135000000000000	13.946338000000001
1.136000000000000	13.882935000000000
1.137000000000000	13.890112000000000
1.138000000000000	13.845850000000000
1.139000000000000	13.841063999999999
1.140000000000000	13.809960999999999
1.141000000000000	13.820727999999999
1.142000000000000	13.780054000000000
1.143000000000000	13.768091000000000
1.144000000000000	13.748950000000001
1.145000000000000	13.759717000000000
1.146000000000000	13.703491000000000
1.147000000000000	13.752539000000001
1.148000000000000	13.674780000000000
1.149000000000000	13.668799000000000
1.150000000000000	13.660425000000000
1.151000000000000	13.613770000000001
1.152000000000000	13.617357999999999
1.153000000000000	13.541992000000002
1.154000000000000	13.516870000000001
1.155000000000000	13.488159000000000
1.156000000000000	13.434326000000000
1.157000000000000	13.458252000000000
1.158000000000000	13.413988999999999
1.159000000000000	13.369727000000001
1.160000000000000	13.378100999999999
1.161000000000000	13.352978999999999
1.162000000000000	13.342211999999998
1.163000000000000	13.370922999999998
1.164000000000000	13.344604000000000
1.165000000000000	13.335033999999998
1.166000000000000	13.348193000000000
1.167000000000000	13.320679000000000
1.168000000000000	13.387670999999999
1.169000000000000	13.326660000000000
1.170000000000000	13.338623000000000
1.171000000000000	13.331445000000000
1.172000000000000	13.332642000000000
1.173000000000000	13.303931000000000
1.174000000000000	13.305127000000002
1.175000000000000	13.287183000000001
1.176000000000000	13.312304999999999
1.177000000000000	13.336230000000000
1.178000000000000	13.336230000000000
1.179000000000000	13.326660000000000
1.180000000000000	13.333838000000002
1.181000000000000	13.345801000000000
1.182000000000000	13.373315000000000
1.183000000000000	13.375707999999999
1.184000000000000	13.372119000000000
1.185000000000000	13.390063000000000
1.186000000000000	13.431934000000000
1.187000000000000	13.385278000000001
1.188000000000000	13.425952000000001
1.189000000000000	13.441504000000002
1.190000000000000	13.461841000000000
1.191000000000000	13.442699999999999
1.192000000000000	13.470215000000001
1.193000000000000	13.508495999999999
1.194000000000000	13.502515000000001
1.195000000000000	13.541992000000002
1.196000000000000	13.557544000000000
1.197000000000000	13.595825000000000
1.198000000000000	13.604198999999999
1.199000000000000	13.625731999999999
1.200000000000000	13.620946999999999
1.201000000000000	13.640088000000000
1.202000000000000	13.643677000000000
1.203000000000000	13.669995000000000
1.204000000000000	13.652051000000000
1.205000000000000	13.636499000000001
1.206000000000000	13.619751000000001
1.207000000000000	13.641284000000001
1.208000000000000	13.669995000000000
1.209000000000000	13.685547000000001
1.210000000000000	13.720238999999999
1.211000000000000	13.746558000000000
1.212000000000000	13.763306000000002
1.213000000000000	13.813549999999999
1.214000000000000	13.826708999999999
1.215000000000000	13.857813000000000
1.216000000000000	13.904468000000000
1.217000000000000	13.922412000000000
1.218000000000000	13.935570999999999
1.219000000000000	13.983423000000000
1.220000000000000	14.014526000000000
1.221000000000000	14.087499999999999
1.222000000000000	14.112622000000000
1.223000000000000	14.168848000000001
1.224000000000000	14.232251000000000
1.225000000000000	14.298047000000000
1.226000000000000	14.366235000000000
1.227000000000000	14.418872000000000
1.228000000000000	14.505005000000001
1.229000000000000	14.566015999999999
1.230000000000000	14.649756000000000
1.231000000000000	14.694019000000001
1.232000000000000	14.741870000000000
1.233000000000000	14.817235999999999
1.234000000000000	14.842358000000001
1.235000000000000	14.879443000000000
1.236000000000000	14.933275999999999
1.237000000000000	14.950024000000001
1.238000000000000	14.999071999999998
1.239000000000000	15.018212999999999
1.240000000000000	15.028978999999998
1.241000000000000	15.049315999999999
1.242000000000000	15.109131000000000
1.243000000000000	15.139037999999999
1.244000000000000	15.160570999999999
1.245000000000000	15.227563000000000
1.246000000000000	15.238329999999999
1.247000000000000	15.305322000000000
1.248000000000000	15.334033000000000
1.249000000000000	15.353173999999999
1.250000000000000	15.421362000000002
1.251000000000000	15.408203000000000
1.252000000000000	15.445288000000000
1.253000000000000	15.458446999999998
1.254000000000000	15.506299000000002
1.255000000000000	15.526636000000000
1.256000000000000	15.529028000000002
1.257000000000000	15.581664999999999
1.258000000000000	15.610376000000000
1.259000000000000	15.679760999999997
1.260000000000000	15.689330999999999
1.261000000000000	15.751537999999998
1.262000000000000	15.844849000000000
1.263000000000000	15.885522000000000
1.264000000000000	15.925000000000001
1.265000000000000	16.027881000000001
1.266000000000000	16.094873000000000
1.267000000000000	16.178612999999999
1.268000000000000	16.240819999999999
1.269000000000000	16.313794000000001
1.270000000000000	16.391552999999998
1.271000000000000	16.421460000000000
1.272000000000000	16.466919000000001
1.273000000000000	16.591332999999999
1.274000000000000	16.632007000000002
1.275000000000000	16.730103000000000
1.276000000000000	16.749243000000000
1.277000000000000	16.859302000000000
1.278000000000000	16.950220000000002
1.279000000000000	17.030370999999999
1.280000000000000	17.093774000000000
1.281000000000000	17.182300000000001
1.282000000000000	17.245702999999999
1.283000000000000	17.288770000000000
1.284000000000000	17.347387999999999
1.285000000000000	17.452660999999999
1.286000000000000	17.477782999999999
1.287000000000000	17.520849999999999
1.288000000000000	17.560327000000001
1.289000000000000	17.617749000000000
1.290000000000000	17.610571000000000
1.291000000000000	17.684740999999999
1.292000000000000	17.693114999999999
1.293000000000000	17.729004000000000
1.294000000000000	17.743359000000002
1.295000000000000	17.807959000000000
1.296000000000000	17.816333000000000
1.297000000000000	17.834277000000000
1.298000000000000	17.817529000000000
1.299000000000000	17.824707000000000
1.300000000000000	17.833081000000000
1.301000000000000	17.798389000000000
1.302000000000000	17.737378000000000
1.303000000000000	17.687134000000000
1.304000000000000	17.689526000000001
1.305000000000000	17.644067000000000
1.306000000000000	17.565111999999999
1.307000000000000	17.505298000000000
1.308000000000000	17.482568000000001
1.309000000000000	17.420361000000000
1.310000000000000	17.403613000000000
1.311000000000000	17.339013999999999
1.312000000000000	17.359351000000000
1.313000000000000	17.315087999999999
1.314000000000000	17.315087999999999
1.315000000000000	17.297143999999999
1.316000000000000	17.275610000000000
1.317000000000000	17.260058999999998
1.318000000000000	17.267236000000000
1.319000000000000	17.225366000000001
1.320000000000000	17.230150999999999
1.321000000000000	17.149999999999999
1.322000000000000	17.178711000000000
1.323000000000000	17.112915000000001
1.324000000000000	17.115307999999999
1.325000000000000	17.120093000000001
1.326000000000000	17.104541000000001
1.327000000000000	17.073437999999999
1.328000000000000	17.049512000000000
1.329000000000000	17.007642000000001
1.330000000000000	17.008838000000001
1.331000000000000	16.975342000000001
1.332000000000000	16.957397000000000
1.333000000000000	16.963379000000000
1.334000000000000	16.893993999999999
1.335000000000000	16.867675999999999
1.336000000000000	16.817432000000000
1.337000000000000	16.827002000000000
1.338000000000000	16.744458000000002
1.339000000000000	16.709765999999998
1.340000000000000	16.679857999999999
1.341000000000000	16.675073000000001
1.342000000000000	16.635596000000000
1.343000000000000	16.628418000000000
1.344000000000000	16.599706999999999
1.345000000000000	16.572192000000001
1.346000000000000	16.572192000000001
1.347000000000000	16.532715000000000
1.348000000000000	16.537500000000001
1.349000000000000	16.441797000000001
1.350000000000000	16.415479000000001
1.351000000000000	16.401122999999998
1.352000000000000	16.344897000000000
1.353000000000000	16.269531000000001
1.354000000000000	16.172632000000000
1.355000000000000	16.076929000000000
1.356000000000000	15.964478000000000
1.357000000000000	15.946533000000001
1.358000000000000	15.807763999999999
1.359000000000000	15.715649000000003
1.360000000000000	15.625928000000000
1.361000000000000	15.546972999999999
1.362000000000000	15.454858000000000
1.363000000000000	15.403418000000000
1.364000000000000	15.354369999999999
1.365000000000000	15.279004000000000
1.366000000000000	15.168945000000001
1.367000000000000	15.156982000000001
1.368000000000000	15.058887000000000
1.369000000000000	14.972754000000000
1.370000000000000	14.944043000000001
1.371000000000000	14.862694999999999
1.372000000000000	14.804076999999999
1.373000000000000	14.709569999999999
1.374000000000000	14.631811999999998
1.375000000000000	14.636597000000000
1.376000000000000	14.562427000000000
1.377000000000000	14.515771000000001
1.378000000000000	14.459546000000000
1.379000000000000	14.400928000000000
1.380000000000000	14.375806000000001
1.381000000000000	14.321973000000000
1.382000000000000	14.254980000000000
1.383000000000000	14.265746999999999
1.384000000000000	14.222681000000001
1.385000000000000	14.137744000000001
1.386000000000000	14.112622000000000
1.387000000000000	14.074341000000000
1.388000000000000	14.032470999999999
1.389000000000000	13.955908000000001
1.390000000000000	13.948729999999999
1.391000000000000	13.927197000000000
1.392000000000000	13.870972000000002
1.393000000000000	13.847046000000001
1.394000000000000	13.819531000000000
1.395000000000000	13.813549999999999
1.396000000000000	13.796802000000000
1.397000000000000	13.748950000000001
1.398000000000000	13.740576000000001
1.399000000000000	13.745361000000001
1.400000000000000	13.725023999999999
1.401000000000000	13.686742999999998
1.402000000000000	13.661621000000000
1.403000000000000	13.636499000000001
1.404000000000000	13.614966000000001
1.405000000000000	13.603002999999999
1.406000000000000	13.581469999999999
1.407000000000000	13.559937000000000
1.408000000000000	13.524048000000001
1.409000000000000	13.547974000000000
1.410000000000000	13.573096000000000
1.411000000000000	13.592236000000000
1.412000000000000	13.555151000000000
1.413000000000000	13.626929000000002
1.414000000000000	13.647266000000000
1.415000000000000	13.661621000000000
1.416000000000000	13.672388000000000
1.417000000000000	13.713061999999999
1.418000000000000	13.704688000000001
1.419000000000000	13.752539000000001
1.420000000000000	13.775269000000000
1.421000000000000	13.787231000000002
1.422000000000000	13.837476000000001
1.423000000000000	13.875757000000000
1.424000000000000	13.853027000000001
1.425000000000000	13.861401000000001
1.426000000000000	13.918823000000000
1.427000000000000	13.946338000000001
1.428000000000000	13.978638000000002
1.429000000000000	14.026489000000000
1.430000000000000	14.030078000000000
1.431000000000000	14.115015000000001
1.432000000000000	14.122192000000000
1.433000000000000	14.161670000000001
1.434000000000000	14.213110000000000
1.435000000000000	14.250195000000000
1.436000000000000	14.341113000000000
1.437000000000000	14.396143000000000
1.438000000000000	14.438013000000002
1.439000000000000	14.526538000000000
1.440000000000000	14.580371000000000
1.441000000000000	14.662915000000000
1.442000000000000	14.772974000000000
1.443000000000000	14.825609999999999
1.444000000000000	14.899780000000000
1.445000000000000	15.008642999999999
1.446000000000000	15.067261000000000
1.447000000000000	15.146216000000001
1.448000000000000	15.171338000000000
1.449000000000000	15.265845000000001
1.450000000000000	15.300537000000000
1.451000000000000	15.351978000000001
1.452000000000000	15.398633000000002
1.453000000000000	15.442895999999999
1.454000000000000	15.490747000000001
1.455000000000000	15.533813000000000
1.456000000000000	15.560131999999999
1.457000000000000	15.658227999999999
1.458000000000000	15.735986000000000
1.459000000000000	15.795801000000001
1.460000000000000	15.907056000000003
1.461000000000000	15.990796000000000
1.462000000000000	16.128368999999999
1.463000000000000	16.206128000000000
1.464000000000000	16.280297999999998
1.465000000000000	16.421460000000000
1.466000000000000	16.505199999999999
1.467000000000000	16.618848000000000
1.468000000000000	16.752832000000001
1.469000000000000	16.846143000000001
1.470000000000000	16.971753000000000
1.471000000000000	17.042334000000000
1.472000000000000	17.151195999999999
1.473000000000000	17.269628999999998
1.474000000000000	17.374901999999999
1.475000000000000	17.490942000000000
1.476000000000000	17.612964000000002
1.477000000000000	17.727808000000000
1.478000000000000	17.854614000000002
1.479000000000000	17.939551000000002
1.480000000000000	18.098656999999999
1.481000000000000	18.181201000000001
1.482000000000000	18.311596999999999
1.483000000000000	18.438403000000001
1.484000000000000	18.552050999999999
1.485000000000000	18.651343000000001
1.486000000000000	18.745850000000001
1.487000000000000	18.858301000000001
1.488000000000000	18.956396000000002
1.489000000000000	19.047314000000000
1.490000000000000	19.147803000000000
1.491000000000000	19.223168999999999
1.492000000000000	19.304517000000001
1.493000000000000	19.401416000000001
1.494000000000000	19.444482000000001
1.495000000000000	19.527025999999999
1.496000000000000	19.559325999999999
1.497000000000000	19.653832999999999
1.498000000000000	19.698096000000000
1.499000000000000	19.729199000000001
1.500000000000000	19.754321000000001
1.501000000000000	19.777051000000000
1.502000000000000	19.762695000000001
1.503000000000000	19.741161999999999
1.504000000000000	19.732787999999999
1.505000000000000	19.672974000000000
1.506000000000000	19.611962999999999
1.507000000000000	19.605981000000000
1.508000000000000	19.556933999999998
1.509000000000000	19.529419000000001
1.510000000000000	19.474390000000000
1.511000000000000	19.489941000000002
1.512000000000000	19.486353000000001
1.513000000000000	19.474390000000000
1.514000000000000	19.464818999999999
1.515000000000000	19.461230000000000
1.516000000000000	19.455248999999998
1.517000000000000	19.464818999999999
1.518000000000000	19.448070999999999
1.519000000000000	19.471997000000002
1.520000000000000	19.463622999999998
1.521000000000000	19.461230000000000
1.522000000000000	19.464818999999999
1.523000000000000	19.466016000000000
1.524000000000000	19.424146000000000
1.525000000000000	19.402612000000001
1.526000000000000	19.426538000000001
1.527000000000000	19.437304999999999
1.528000000000000	19.391846000000001
1.529000000000000	19.369116000000002
1.530000000000000	19.384668000000001
1.531000000000000	19.383472000000001
1.532000000000000	19.379883000000000
1.533000000000000	19.385864000000002
1.534000000000000	19.364331000000000
1.535000000000000	19.329639000000000
1.536000000000000	19.274609000000002
1.537000000000000	19.266235000000002
1.538000000000000	19.215990999999999
1.539000000000000	19.219580000000001
1.540000000000000	19.153784000000002
1.541000000000000	19.083203000000001
1.542000000000000	19.059277000000002
1.543000000000000	19.011426000000000
1.544000000000000	18.983910999999999
1.545000000000000	18.918115000000000
1.546000000000000	18.854711999999999
1.547000000000000	18.822412000000000
1.548000000000000	18.753026999999999
1.549000000000000	18.663305999999999
1.550000000000000	18.608276000000000
1.551000000000000	18.534106000000001
1.552000000000000	18.419263000000001
1.553000000000000	18.348682000000000
1.554000000000000	18.241015999999998
1.555000000000000	18.174022999999998
1.556000000000000	18.077124000000001
1.557000000000000	17.952710000000000
1.558000000000000	17.886914000000001
1.559000000000000	17.795995999999999
1.560000000000000	17.689526000000001
1.561000000000000	17.597411999999998
1.562000000000000	17.518457000000001
1.563000000000000	17.428735000000000
1.564000000000000	17.356957999999999
1.565000000000000	17.227758999999999
1.566000000000000	17.157177999999998
1.567000000000000	17.080615000000002
1.568000000000000	16.928687000000000
1.569000000000000	16.840160999999998
1.570000000000000	16.721729000000000
1.571000000000000	16.574584999999999
1.572000000000000	16.488451999999999
1.573000000000000	16.299437999999999
1.574000000000000	16.133154000000001
1.575000000000000	15.969263000000000
1.576000000000000	15.795801000000001
1.577000000000000	15.634302000000000
1.578000000000000	15.490747000000001
1.579000000000000	15.296948000000000
1.580000000000000	15.131860000000000
1.581000000000000	14.945239000000001
1.582000000000000	14.792114000000000
1.583000000000000	14.603101000000001
1.584000000000000	14.442798000000000
1.585000000000000	14.312402000000001
1.586000000000000	14.100659000000000
1.587000000000000	13.954712000000001
1.588000000000000	13.794408999999998
1.589000000000000	13.612572999999999
1.590000000000000	13.488159000000000
1.591000000000000	13.302733999999999
1.592000000000000	13.171143000000001
1.593000000000000	13.009644000000000
1.594000000000000	12.869678000000000
1.595000000000000	12.708178999999999
1.596000000000000	12.577783000000000
1.597000000000000	12.480884000000001
1.598000000000000	12.305028999999999
1.599000000000000	12.125586000000000
1.600000000000000	11.988013000000000
1.601000000000000	11.864795000000001
1.602000000000000	11.746362000000000
1.603000000000000	11.550171000000001
1.604000000000000	11.424561000000001
1.605000000000000	11.292968999999999
1.606000000000000	11.166162000000000
1.607000000000000	10.979540999999999
1.608000000000000	10.839574999999998
1.609000000000000	10.747460999999999
1.610000000000000	10.603906000000000
1.611000000000000	10.481885000000000
1.612000000000000	10.328759999999999
1.613000000000000	10.235448999999999
1.614000000000000	10.118213000000001
1.615000000000000	9.985425000000001
1.616000000000000	9.849048000000000
1.617000000000000	9.770092999999999
1.618000000000000	9.624146000000000
1.619000000000000	9.509302000000000
1.620000000000000	9.398047000000000
1.621000000000000	9.298755000000000
1.622000000000000	9.168359000000001
1.623000000000000	9.061890000000000
1.624000000000000	8.973364000000000
1.625000000000000	8.854932000000000
1.626000000000000	8.778369000000000
1.627000000000000	8.632422000000000
1.628000000000000	8.534326000000000
1.629000000000000	8.439819000000000
1.630000000000000	8.369237999999999
1.631000000000000	8.255591000000001
1.632000000000000	8.171851000000000
1.633000000000000	8.085718000000000
1.634000000000000	7.969678000000000
1.635000000000000	7.872777999999999
1.636000000000000	7.817749000000000
1.637000000000000	7.699316000000000
1.638000000000000	7.616772000000000
1.639000000000000	7.518677000000000
1.640000000000000	7.408618000000000
1.641000000000000	7.361963000000000
1.642000000000000	7.272241000000000
1.643000000000000	7.175342000000000
1.644000000000000	7.150220000000000
1.645000000000000	7.047339000000000
1.646000000000000	6.995898000000000
1.647000000000000	6.903784000000000
1.648000000000000	6.848755000000000
1.649000000000000	6.790137000000000
1.650000000000000	6.687256000000000
1.651000000000000	6.640601000000000
1.652000000000000	6.552075000000000
1.653000000000000	6.524561000000000
1.654000000000000	6.413306000000000
1.655000000000000	6.348706000000000
1.656000000000000	6.284106000000001
1.657000000000000	6.203955000000000
1.658000000000000	6.150122000000000
1.659000000000000	6.067578000000000
1.660000000000000	6.018530000000000
1.661000000000000	5.941968000000000
1.662000000000000	5.879761000000000
1.663000000000000	5.835497999999999
1.664000000000000	5.798413000000000
1.665000000000000	5.736206000000000
1.666000000000000	5.675195000000000
1.667000000000000	5.590259000000000
1.668000000000000	5.560352000000000
1.669000000000000	5.495752000000000
1.670000000000000	5.409619000000000
1.671000000000000	5.351001000000001
1.672000000000000	5.305542000000000
1.673000000000000	5.208643000000000
1.674000000000000	5.173950000000000
1.675000000000000	5.148828000000000
1.676000000000000	5.105762000000000
1.677000000000000	5.001685000000000
1.678000000000000	4.969385000000000
1.679000000000000	4.907178000000000
1.680000000000000	4.867700000000000
1.681000000000000	4.803101000000000
1.682000000000000	4.777979000000000
1.683000000000000	4.712183000000000
1.684000000000000	4.641602000000000
1.685000000000000	4.588965000000000
1.686000000000000	4.508813000000000
1.687000000000000	4.440625000000000
1.688000000000000	4.398755000000000
1.689000000000000	4.293481000000000
1.690000000000000	4.261182000000000
1.691000000000000	4.263574000000000
1.692000000000000	4.196582000000000
1.693000000000000	4.122412000000000
1.694000000000000	4.103271000000000
1.695000000000000	4.062598000000000
1.696000000000000	4.014746000000000
1.697000000000000	3.951343000000000
1.698000000000000	3.897510000000000
1.699000000000000	3.886743000000000
1.700000000000000	3.813770000000000
1.701000000000000	3.781470000000000
1.702000000000000	3.749170000000000
1.703000000000000	3.663037000000000
1.704000000000000	3.613989000000000
1.705000000000000	3.574512000000000
1.706000000000000	3.478809000000000
1.707000000000000	3.446509000000000
1.708000000000000	3.420190000000000
1.709000000000000	3.332860999999999
1.710000000000000	3.305347000000000
1.711000000000000	3.280225000000000
1.712000000000000	3.207251000000000
1.713000000000000	3.170166000000000
1.714000000000000	3.145044000000000
1.715000000000000	3.092407000000000
1.716000000000000	3.036182000000000
1.717000000000000	3.003882000000000
1.718000000000000	2.960815000000000
1.719000000000000	2.899805000000000
1.720000000000000	2.826831000000000
1.721000000000000	2.792139000000000
1.722000000000000	2.767017000000000
1.723000000000000	2.759839000000000
1.724000000000000	2.652172999999999
1.725000000000000	2.636620999999999
1.726000000000000	2.569629000000000
1.727000000000000	2.536133000000000
1.728000000000000	2.520581000000000
1.729000000000000	2.478711000000000
1.730000000000000	2.436841000000000
1.731000000000000	2.375830000000000
1.732000000000000	2.321997000000000
1.733000000000000	2.344727000000000
1.734000000000000	2.281323000000000
1.735000000000000	2.209546000000000
1.736000000000000	2.186816000000000
1.737000000000000	2.159302000000000
1.738000000000000	2.127002000000000
1.739000000000000	2.085132000000000
1.740000000000000	2.000195000000000
1.741000000000000	2.010962000000000
1.742000000000000	1.965503000000000
1.743000000000000	1.920044000000000
1.744000000000000	1.885352000000000
1.745000000000000	1.862622000000000
1.746000000000000	1.820752000000000
1.747000000000000	1.751367000000000
1.748000000000000	1.762134000000000
1.749000000000000	1.714282000000000
1.750000000000000	1.716675000000000
1.751000000000000	1.640112000000000
1.752000000000000	1.614990000000000
1.753000000000000	1.562354000000000
1.754000000000000	1.575513000000000
1.755000000000000	1.495361000000000
1.756000000000000	1.473828000000000
1.757000000000000	1.447510000000000
1.758000000000000	1.406836000000000
1.759000000000000	1.358984000000000
1.760000000000000	1.373340000000000
1.761000000000000	1.342236000000000
1.762000000000000	1.345825000000000
1.763000000000000	1.280029000000000
1.764000000000000	1.236963000000000
1.765000000000000	1.253711000000000
1.766000000000000	1.202271000000000
1.767000000000000	1.167578000000000
1.768000000000000	1.166382000000000
1.769000000000000	1.149634000000000
1.770000000000000	1.089819000000000
1.771000000000000	1.059912000000000
1.772000000000000	1.009668000000000
1.773000000000000	1.002490000000000
1.774000000000000	0.961816000000000
1.775000000000000	0.953442000000000
1.776000000000000	0.931909000000000
1.777000000000000	0.912769000000000
1.778000000000000	0.888843000000000
1.779000000000000	0.857739000000000
1.780000000000000	0.831421000000000
1.781000000000000	0.856543000000000
1.782000000000000	0.808691000000000
1.783000000000000	0.796729000000000
1.784000000000000	0.772803000000000
1.785000000000000	0.758447000000000
1.786000000000000	0.754858000000000
1.787000000000000	0.669922000000000
1.788000000000000	0.678296000000000
1.789000000000000	0.667529000000000
1.790000000000000	0.638818000000000
1.791000000000000	0.606519000000000
1.792000000000000	0.581396000000000
1.793000000000000	0.589771000000000
1.794000000000000	0.557471000000000
1.795000000000000	0.561060000000000
1.796000000000000	0.533545000000000
1.797000000000000	0.541919000000000
1.798000000000000	0.506030000000000
1.799000000000000	0.520386000000000
1.800000000000000	0.491675000000000
1.801000000000000	0.465356000000000
1.802000000000000	0.399561000000000
1.803000000000000	0.431860000000000
1.804000000000000	0.431860000000000
1.805000000000000	0.410327000000000
1.806000000000000	0.395972000000000
1.807000000000000	0.352905000000000
1.808000000000000	0.344531000000000
1.809000000000000	0.325391000000000
1.810000000000000	0.343335000000000
1.811000000000000	0.343335000000000
1.812000000000000	0.328979000000000
1.813000000000000	0.297876000000000
1.814000000000000	0.318213000000000
1.815000000000000	0.293091000000000
1.816000000000000	0.326587000000000
1.817000000000000	0.279932000000000
1.818000000000000	0.266772000000000
1.819000000000000	0.261987000000000
1.820000000000000	0.252417000000000
1.821000000000000	0.232080000000000
1.822000000000000	0.214136000000000
1.823000000000000	0.205762000000000
1.824000000000000	0.191406000000000
1.825000000000000	0.167480000000000
1.826000000000000	0.159106000000000
1.827000000000000	0.148340000000000
1.828000000000000	0.169873000000000
1.829000000000000	0.162695000000000
1.830000000000000	0.185425000000000
1.831000000000000	0.157910000000000
1.832000000000000	0.186621000000000
1.833000000000000	0.175854000000000
1.834000000000000	0.156714000000000
1.835000000000000	0.151929000000000
1.836000000000000	0.144751000000000
1.837000000000000	0.131592000000000
1.838000000000000	0.126807000000000
1.839000000000000	0.126807000000000
1.840000000000000	0.102881000000000
1.841000000000000	0.083740000000000
1.842000000000000	0.096899000000000
1.843000000000000	0.081348000000000
1.844000000000000	0.098096000000000
1.845000000000000	0.076563000000000
1.846000000000000	0.087329000000000
1.847000000000000	0.101685000000000
1.848000000000000	0.082544000000000
1.849000000000000	0.093311000000000
1.850000000000000	0.088525000000000
1.851000000000000	0.102881000000000
1.852000000000000	0.086133000000000
1.853000000000000	0.098096000000000
1.854000000000000	0.064600000000000
1.855000000000000	0.051440000000000
1.856000000000000	0.019141000000000
1.857000000000000	0.028711000000000
1.858000000000000	0.028711000000000
1.859000000000000	0.050244000000000
1.860000000000000	0.034692000000000
1.861000000000000	0.056226000000000
1.862000000000000	0.031104000000000
1.863000000000000	0.044263000000000
1.864000000000000	0.052637000000000
1.865000000000000	0.039478000000000
1.866000000000000	0.037085000000000
1.867000000000000	0.039478000000000
1.868000000000000	0.021533000000000
1.869000000000000	0.026318000000000
1.870000000000000	0.035889000000000
1.871000000000000	0.065796000000000
1.872000000000000	0.000000000000000
1.873000000000000	0.014355000000000
1.874000000000000	0.022729000000000
1.875000000000000	0.004785000000000
1.876000000000000	0.001196000000000
1.877000000000000	0.010767000000000
1.878000000000000	0.047852000000000
1.879000000000000	0.000000000000000
1.880000000000000	0.034692000000000
1.881000000000000	0.020337000000000
1.882000000000000	0.001196000000000
1.883000000000000	0.000000000000000
1.884000000000000	0.027515000000000
1.885000000000000	0.032300000000000
1.886000000000000	0.004785000000000
1.887000000000000	0.021533000000000
1.888000000000000	0.010767000000000
1.889000000000000	0.000000000000000
1.890000000000000	0.015552000000000
1.891000000000000	0.009570000000000
1.892000000000000	0.003589000000000
1.893000000000000	0.008374000000000
1.894000000000000	0.000000000000000
1.895000000000000	0.003589000000000
1.896000000000000	0.007178000000000
1.897000000000000	0.034692000000000
1.898000000000000	0.027515000000000
1.899000000000000	0.027515000000000
1.900000000000000	0.009570000000000
1.901000000000000	0.026318000000000
1.902000000000000	0.009570000000000
1.903000000000000	0.000000000000000
1.904000000000000	0.000000000000000
1.905000000000000	0.000000000000000
1.906000000000000	0.007178000000000
1.907000000000000	0.000000000000000
1.908000000000000	0.000000000000000
1.909000000000000	0.000000000000000
1.910000000000000	0.005981000000000
1.911000000000000	0.000000000000000
1.912000000000000	0.015552000000000
1.913000000000000	0.015552000000000
1.914000000000000	0.011963000000000
1.915000000000000	0.021533000000000
1.916000000000000	0.016748000000000
1.917000000000000	0.029907000000000
1.918000000000000	0.011963000000000
1.919000000000000	0.000000000000000
1.920000000000000	0.000000000000000
1.921000000000000	0.008374000000000
1.922000000000000	0.000000000000000
1.923000000000000	0.000000000000000
1.924000000000000	0.003589000000000
1.925000000000000	0.000000000000000
1.926000000000000	0.000000000000000
1.927000000000000	0.000000000000000
1.928000000000000	0.003589000000000
1.929000000000000	0.010767000000000
1.930000000000000	0.010767000000000
1.931000000000000	0.001196000000000
1.932000000000000	0.021533000000000
1.933000000000000	0.002393000000000
1.934000000000000	0.000000000000000
1.935000000000000	0.034692000000000
1.936000000000000	0.023926000000000
1.937000000000000	0.007178000000000
1.938000000000000	0.000000000000000
1.939000000000000	0.000000000000000
1.940000000000000	0.000000000000000
1.941000000000000	0.000000000000000
1.942000000000000	0.000000000000000
1.943000000000000	0.002393000000000
1.944000000000000	0.000000000000000
1.945000000000000	0.000000000000000
1.946000000000000	0.000000000000000
1.947000000000000	0.020337000000000
1.948000000000000	0.003589000000000
1.949000000000000	0.008374000000000
1.950000000000000	0.026318000000000
1.951000000000000	0.047852000000000
1.952000000000000	0.028711000000000
1.953000000000000	0.000000000000000
1.954000000000000	0.009570000000000
1.955000000000000	0.001196000000000
1.956000000000000	0.000000000000000
1.957000000000000	0.000000000000000
1.958000000000000	0.000000000000000
1.959000000000000	0.016748000000000
1.960000000000000	0.003589000000000
1.961000000000000	0.000000000000000
1.962000000000000	0.001196000000000
1.963000000000000	0.033496000000000
1.964000000000000	0.035889000000000
1.965000000000000	0.032300000000000
1.966000000000000	0.003589000000000
1.967000000000000	0.050244000000000
1.968000000000000	0.037085000000000
1.969000000000000	0.017944000000000
1.970000000000000	0.005981000000000
1.971000000000000	0.000000000000000
1.972000000000000	0.015552000000000
1.973000000000000	0.000000000000000
1.974000000000000	0.000000000000000
1.975000000000000	0.000000000000000
1.976000000000000	0.007178000000000
1.977000000000000	0.001196000000000
1.978000000000000	0.000000000000000
1.979000000000000	0.007178000000000
1.980000000000000	0.000000000000000
1.981000000000000	0.003589000000000
1.982000000000000	0.005981000000000
1.983000000000000	0.047852000000000
1.984000000000000	0.019141000000000
1.985000000000000	0.000000000000000
1.986000000000000	0.000000000000000
1.987000000000000	0.020337000000000
1.988000000000000	0.000000000000000
1.989000000000000	0.000000000000000
1.990000000000000	0.000000000000000
1.991000000000000	0.000000000000000
1.992000000000000	0.000000000000000
1.993000000000000	0.000000000000000
1.994000000000000	0.000000000000000
1.995000000000000	0.000000000000000
1.996000000000000	0.000000000000000
1.997000000000000	0.016748000000000
1.998000000000000	0.000000000000000
1.999000000000000	0.016748000000000
2.000000000000000	0.000000000000000